PIV ...
LABEL=piv
PRECISION=10000
NLIST
ONLYCROSS
REF_FILE=md.pdb
PIVATOMS=10
ATOMTYPES=C3,C8,C13,C18,C23,C28,C33,C38,C43,OW
SFACTOR=1.0,1.0,1.0,1.0,1.0,1.0,1.0,1.0,1.0,1.0,1.0,1.0,1.0,1.0,1.0,1.0,1.0,1.0,1.0,1.0,1.0,1.0,1.0,1.0,1.0,1.0,1.0,1.0,1.0,1.0,1.0,1.0,1.0,1.0,1.0,1.0,1.0,1.0,1.0,1.0,1.0,1.0,1.0,1.0,1.0
SORT=1.0,1.0,1.0,1.0,1.0,1.0,1.0,1.0,1.0,1.0,1.0,1.0,1.0,1.0,1.0,1.0,1.0,1.0,1.0,1.0,1.0,1.0,1.0,1.0,1.0,1.0,1.0,1.0,1.0,1.0,1.0,1.0,1.0,1.0,1.0,1.0,1.0,1.0,1.0,1.0,1.0,1.0,1.0,1.0,1.0
SWITCH1={RATIONAL R_0=0.55 MM=28 NN=14}
SWITCH2={RATIONAL R_0=0.83 MM=12 NN=6}
SWITCH3={RATIONAL R_0=0.82 MM=12 NN=6}
SWITCH4={RATIONAL R_0=0.77 MM=12 NN=6}
SWITCH5={RATIONAL R_0=0.77 MM=12 NN=6}
SWITCH6={RATIONAL R_0=0.76 MM=12 NN=6}
SWITCH7={RATIONAL R_0=0.77 MM=12 NN=6}
SWITCH8={RATIONAL R_0=0.77 MM=12 NN=6}
SWITCH9={RATIONAL R_0=0.52 MM=8 NN=4}

SWITCH10={RATIONAL R_0=0.55 MM=28 NN=14}
SWITCH11={RATIONAL R_0=0.83 MM=12 NN=6}
SWITCH12={RATIONAL R_0=0.82 MM=12 NN=6}
SWITCH13={RATIONAL R_0=0.77 MM=12 NN=6}
SWITCH14={RATIONAL R_0=0.77 MM=12 NN=6}
SWITCH15={RATIONAL R_0=0.76 MM=12 NN=6}
SWITCH16={RATIONAL R_0=0.77 MM=12 NN=6}
SWITCH17={RATIONAL R_0=0.52 MM=8 NN=4}

SWITCH18={RATIONAL R_0=0.55 MM=28 NN=14}
SWITCH19={RATIONAL R_0=0.83 MM=12 NN=6}
SWITCH20={RATIONAL R_0=0.82 MM=12 NN=6}
SWITCH21={RATIONAL R_0=0.77 MM=12 NN=6}
SWITCH22={RATIONAL R_0=0.77 MM=12 NN=6}
SWITCH23={RATIONAL R_0=0.76 MM=12 NN=6}
SWITCH24={RATIONAL R_0=0.52 MM=8 NN=4}

SWITCH25={RATIONAL R_0=0.55 MM=28 NN=14}
SWITCH26={RATIONAL R_0=0.83 MM=12 NN=6}
SWITCH27={RATIONAL R_0=0.82 MM=12 NN=6}
SWITCH28={RATIONAL R_0=0.77 MM=12 NN=6}
SWITCH29={RATIONAL R_0=0.77 MM=12 NN=6}
SWITCH30={RATIONAL R_0=0.52 MM=8 NN=4}

SWITCH31={RATIONAL R_0=0.55 MM=28 NN=14}
SWITCH32={RATIONAL R_0=0.83 MM=12 NN=6}
SWITCH33={RATIONAL R_0=0.82 MM=12 NN=6}
SWITCH34={RATIONAL R_0=0.77 MM=12 NN=6}
SWITCH35={RATIONAL R_0=0.52 MM=8 NN=4}

SWITCH36={RATIONAL R_0=0.55 MM=28 NN=14}
SWITCH37={RATIONAL R_0=0.83 MM=12 NN=6}
SWITCH38={RATIONAL R_0=0.82 MM=12 NN=6}
SWITCH39={RATIONAL R_0=0.52 MM=8 NN=4}

SWITCH40={RATIONAL R_0=0.55 MM=28 NN=14}
SWITCH41={RATIONAL R_0=0.83 MM=12 NN=6}
SWITCH42={RATIONAL R_0=0.52 MM=8 NN=4}

SWITCH43={RATIONAL R_0=0.55 MM=28 NN=14}
SWITCH44={RATIONAL R_0=0.52 MM=8 NN=4}

SWITCH45={RATIONAL R_0=0.52 MM=8 NN=4}

NL_CUTOFF=6.0,6.0,6.0,6.0,6.0,6.0,6.0,6.0,0.8,6.0,6.0,6.0,6.0,6.0,6.0,6.0,0.8,6.0,6.0,6.0,6.0,6.0,6.0,0.8,6.0,6.0,6.0,6.0,6.0,0.8,6.0,6.0,6.0,6.0,0.8,6.0,6.0,6.0,0.8,6.0,6.0,0.8,6.0,0.8,0.8
NL_STRIDE=20.0,20.0,20.0,20.0,20.0,20.0,20.0,20.0,20.0,20.0,20.0,20.0,20.0,20.0,20.0,20.0,20.0,20.0,20.0,20.0,20.0,20.0,20.0,20.0,20.0,20.0,20.0,20.0,20.0,20.0,20.0,20.0,20.0,20.0,20.0,20.0,20.0,20.0,20.0,20.0,20.0,20.0,20.0,20.0,20.0
NL_SKIN=0.1,0.1,0.1,0.1,0.1,0.1,0.1,0.1,0.1,0.1,0.1,0.1,0.1,0.1,0.1,0.1,0.1,0.1,0.1,0.1,0.1,0.1,0.1,0.1,0.1,0.1,0.1,0.1,0.1,0.1,0.1,0.1,0.1,0.1,0.1,0.1,0.1,0.1,0.1,0.1,0.1,0.1,0.1,0.1,0.1
PIVREP
NL_CONSTANT_SIZE=8
... PIV

ANN ...
LABEL=ann
ARG=piv.*
NUM_LAYERS=6
NUM_NODES=108,64,32,16,3,3
ACTIVATIONS=BNTanh,BNTanh,BNTanh,BNTanh,Linear
WEIGHTS0=0.032414,-0.210223,-0.533980,-0.284791,-0.089078,0.122159,0.026632,0.074265,-0.052630,0.050570,0.058388,0.063193,-0.020613,0.003278,-0.038596,0.034656,-0.066478,-0.164223,0.002782,0.192597,0.057706,-0.007640,0.015874,0.041946,0.101325,0.057398,0.026119,0.045628,-0.017154,-0.022546,0.080017,-0.041377,0.066506,0.165763,0.063880,0.035026,0.030934,-0.060164,0.014248,-0.013052,-0.062624,-0.073685,-0.101605,-0.108951,-0.050836,0.019943,-0.104655,-0.030678,-0.011399,0.065812,0.003914,0.037098,-0.005567,0.048312,0.025013,0.068862,-0.046888,0.049090,-0.082226,0.021941,0.016208,-0.043488,0.000563,0.016123,-0.008923,0.098386,-0.057889,0.046533,0.040811,0.045383,0.043358,0.008444,0.134007,-0.060933,-0.109098,-0.043193,-0.082307,0.010800,-0.043570,0.066658,-0.082605,-0.082572,-0.035196,-0.015824,-0.106189,-0.028685,-0.037445,-0.083695,0.004318,-0.027022,-0.066758,-0.072412,-0.032459,-0.094913,-0.127732,-0.062663,-0.041186,-0.008029,-0.054305,0.049410,-0.018427,-0.045427,-0.116328,0.015707,0.004929,-0.048586,-0.022390,-0.028270,0.189260,0.152256,0.187304,-0.054660,-0.137044,-0.133150,-0.162200,0.033425,0.020313,0.143844,-0.018191,-0.020661,0.052781,0.059055,-0.040225,-0.045107,0.142675,0.027360,-0.012232,-0.400617,-0.706515,-0.288713,0.019108,0.054418,0.021748,0.006745,-0.048850,-0.064957,0.108977,0.038552,-0.025542,-0.017079,0.169838,-0.467306,-0.535177,-0.137355,0.129355,0.033777,-0.040312,0.018332,-0.034812,-0.057816,-0.045817,0.077170,0.013749,-0.194442,-0.070201,-0.156132,0.135108,0.022055,-0.031829,-0.089802,-0.030610,-0.009516,-0.109447,-0.002557,-0.055976,-0.153470,-0.025919,0.129725,0.170792,0.009177,-0.018946,-0.055600,-0.065764,0.087410,0.053268,0.002844,-0.028700,-0.160208,0.097435,0.068130,0.062019,-0.017779,-0.056563,-0.017669,0.062086,-0.007339,-0.072172,0.015690,-0.112324,0.026466,-0.150667,-0.037708,0.063075,0.014359,0.011587,-0.044569,0.138971,-0.029599,-0.034327,0.011834,-0.036429,0.002047,0.024490,-0.056830,0.062589,0.007475,0.018255,-0.042186,-0.033086,-0.076390,-0.159197,-0.037708,-0.008095,-0.082330,-0.019967,-0.135981,0.014902,-0.038082,-0.001865,-0.018860,0.040493,0.113168,-0.016450,-0.069626,0.124867,0.039361,0.016135,-0.003951,0.089974,-0.000860,-0.090332,-0.100204,0.071410,0.068499,-0.010852,0.070186,0.277014,0.157301,0.176457,-0.042391,-0.107522,-0.098039,-0.027437,-0.026352,-0.086596,-0.134164,-0.021935,0.016197,-0.002417,-0.037169,0.020393,0.039667,-0.036108,0.042636,0.074372,0.007603,-0.000799,-0.017467,-0.013268,-0.029527,-0.088404,0.014201,0.083745,-0.103414,-0.075524,0.021354,0.008811,0.096763,-0.014705,0.040550,-0.072203,-0.052782,-0.072365,-0.006625,-0.046563,-0.001474,-0.033675,0.069027,-0.013989,-0.016159,0.017025,-0.029610,-0.024313,0.046135,-0.014171,-0.065882,-0.002879,0.071909,0.032459,-0.072671,-0.119854,-0.100867,0.054662,0.004821,-0.048350,-0.026895,-0.047209,0.011057,0.120809,-0.073085,-0.124267,-0.027540,0.006601,-0.022031,-0.159366,-0.024376,-0.097553,-0.007005,-0.023792,0.033345,-0.012287,-0.036839,-0.017897,0.026141,-0.050418,-0.044776,-0.019355,0.014056,-0.053426,-0.040891,-0.035302,-0.002046,-0.009124,-0.080140,0.035104,-0.072600,-0.202445,-0.124612,-0.053921,-0.095876,-0.124757,-0.108791,0.095264,0.005673,-0.001850,0.102398,0.005880,-0.056976,0.018668,0.019904,-0.023144,-0.048370,0.009882,0.063344,-0.082577,-0.030545,0.013871,0.036139,0.040759,0.038615,0.014394,-0.054753,0.027778,0.032183,-0.038256,0.018632,-0.073476,-0.076106,0.145175,-0.002528,-0.057686,0.045470,-0.005188,0.020234,0.062337,0.000674,0.009901,0.057587,0.095922,0.009550,0.037070,0.109786,-0.084304,-0.117075,0.007959,0.104468,-0.003661,0.061209,-0.043863,0.063095,0.051360,0.000195,0.070999,-0.020410,-0.033279,-0.041536,0.063849,0.037287,0.023167,-0.023091,0.064171,0.003389,0.054317,0.036207,-0.037311,-0.018329,-0.109058,0.045761,-0.002402,0.040783,0.055852,0.005038,-0.002935,0.118169,0.105664,-0.009447,-0.000624,0.027229,0.005429,0.046496,0.110756,-0.025359,0.025950,-0.006408,0.041981,0.034160,0.040002,0.044016,0.108178,0.097590,0.007258,0.125951,0.063816,0.025097,-0.113542,-0.056164,-0.046671,-0.022996,0.055881,-0.025320,0.072442,-0.006587,0.007639,0.207601,-0.111067,-0.105285,0.037041,-0.088629,0.009675,0.036490,-0.081962,-0.038106,-0.013431,0.048906,-0.004297,-0.092630,0.025453,0.074962,-0.060388,-0.256411,-0.039262,0.078411,0.053766,-0.043264,-0.140458,0.089214,-0.027379,0.031656,0.068955,0.002677,0.066895,0.108963,0.039000,-0.055041,0.085908,0.118465,0.281387,0.109140,-0.022751,-0.066906,-0.039897,-0.052039,0.026628,-0.122976,0.039428,0.043959,0.039253,0.063314,0.067594,0.011667,0.102185,0.086383,-0.074789,0.078650,0.012363,-0.054666,-0.003061,0.063613,0.083248,0.068493,0.024015,-0.013810,-0.091254,0.018599,0.070305,-0.004340,0.037475,0.050579,-0.076991,0.040044,-0.000603,0.028636,-0.053772,-0.030636,-0.203970,0.032306,-0.001438,0.086292,0.045890,0.103856,0.015656,0.022217,-0.012393,-0.025859,-0.004124,0.024655,0.017286,0.077871,0.056111,0.076152,0.032021,0.010577,-0.011676,0.036868,0.123190,0.042837,0.014700,0.010819,0.045105,0.006700,-0.033901,0.070092,-0.031319,0.056300,-0.032578,-0.007911,0.090999,0.015804,-0.068666,0.094042,-0.056106,0.134212,0.093639,0.287253,0.046459,-0.310722,-0.382039,-0.078875,-0.027377,0.138657,0.036075,0.014937,0.039759,-0.021079,0.019086,-0.084992,-0.042782,0.195296,0.323982,0.084598,-0.093325,-0.026490,0.136428,-0.165998,-0.021771,-0.067017,-0.008521,-0.097359,-0.033827,-0.092353,-0.075074,0.161513,0.145737,0.169333,-0.056372,0.240929,0.008270,0.023572,0.031700,0.008279,0.044701,-0.050169,-0.038412,-0.057999,-0.049933,-0.057427,0.007060,0.104434,-0.229002,0.094746,0.099089,0.009793,-0.034842,-0.064023,0.047214,-0.092654,-0.164987,-0.111079,-0.099569,0.014441,-0.462547,0.029652,-0.015929,-0.009750,-0.090031,-0.063062,0.038296,-0.035465,-0.119931,-0.113494,-0.137261,-0.113011,0.200933,0.049450,-0.080439,-0.035660,-0.094997,-0.032474,-0.026684,-0.127259,-0.079340,0.042289,0.276807,0.042292,0.042105,-0.042579,0.028155,0.158559,-0.004862,-0.046138,-0.041515,0.032175,-0.039197,-0.031891,0.048697,0.018847,-0.012427,0.014052,-0.042604,-0.191098,-0.039526,0.004380,-0.042802,-0.162963,-0.120786,-0.090778,0.014392,-0.013187,0.016117,0.064758,0.286042,0.895302,0.427228,0.265885,0.121072,0.272960,-0.071963,-0.100265,-0.104655,-0.069354,0.064398,0.030983,0.005663,0.102471,0.012369,0.031467,0.476685,0.266178,0.122085,0.085501,0.007475,0.002814,0.004057,0.022305,0.033988,0.005820,0.054951,0.019065,0.058110,-0.005520,-0.029905,-0.039987,-0.053250,-0.061546,-0.097548,0.024621,0.044444,-0.022292,0.045027,0.050014,0.029644,0.020328,0.082668,-0.011480,-0.046988,-0.103012,0.047881,-0.037759,0.009511,0.039659,0.044962,0.001903,-0.057415,-0.014858,0.041041,0.059433,0.059391,-0.040477,0.165060,-0.019811,0.057954,-0.010662,0.047081,0.018745,0.008834,-0.055353,-0.029089,0.125977,0.077919,0.039963,-0.032279,0.099499,0.011349,-0.005683,0.059630,0.039231,0.040004,0.003340,0.108853,-0.013613,-0.185520,-0.037347,0.021599,0.004701,-0.032845,-0.041526,-0.032645,-0.020326,0.051221,-0.061417,0.015919,0.013800,0.054245,-0.007617,-0.032878,-0.058741,0.000848,0.010926,0.040653,-0.015168,0.021260,0.013490,-0.096503,0.051895,-0.049853,-0.009745,0.022908,0.006911,0.054060,0.113875,-0.106502,0.015686,-0.066252,-0.131638,-0.085882,0.023954,-0.097982,-0.011283,-0.030577,-0.038381,-0.007910,-0.089565,-0.023087,0.008869,0.016195,0.046955,-0.003806,0.000866,-0.100579,0.031681,-0.056945,-0.072404,-0.021509,-0.001097,-0.001550,-0.013584,-0.008523,-0.020950,-0.050815,-0.087411,0.022623,-0.042684,-0.128376,0.086095,0.022122,0.021374,0.012620,0.043475,-0.058257,0.012570,-0.032067,-0.132234,-0.065330,-0.049117,0.103939,0.041788,-0.017732,-0.018046,0.003189,0.027700,-0.085239,-0.103020,-0.029426,-0.068866,-0.043663,0.150281,-0.069308,-0.235930,0.030706,-0.005253,0.010251,0.001595,-0.048978,-0.030727,-0.118837,-0.026848,-0.020830,-0.133495,-0.262987,-0.005303,0.050537,0.007859,-0.048237,-0.004339,0.117562,-0.063983,-0.049145,-0.107665,-0.045361,0.010673,-0.023629,0.023506,0.062933,-0.023536,-0.014111,-0.049037,-0.037178,-0.015434,0.028151,-0.000257,0.030695,0.031207,-0.002202,-0.122154,-0.067689,-0.024798,-0.043574,0.016443,-0.062682,-0.034061,0.034690,-0.016140,-0.079435,-0.004714,-0.074218,0.018606,0.125770,0.053548,-0.077606,0.125319,0.350531,-0.046687,0.033626,-0.091101,-0.063953,0.020106,0.060922,0.006372,0.028227,-0.028594,0.047194,0.190632,0.080232,-0.138556,-0.038357,0.166352,0.269831,-0.102615,-0.056603,0.046216,-0.009184,-0.072584,-0.029161,0.012119,-0.020876,-0.030670,-0.154693,-0.138279,-0.203002,0.071972,0.287157,0.018569,-0.005711,0.015921,0.006677,-0.029885,0.007523,-0.011853,-0.071724,-0.029756,-0.015018,-0.383119,-0.241714,0.086824,-0.010528,-0.011173,0.015861,-0.057243,-0.046843,-0.004883,-0.052758,-0.015704,0.008791,-0.012898,-0.019651,0.064985,-0.077416,0.014008,-0.057079,-0.067492,-0.033178,-0.097627,-0.012716,-0.017737,0.054810,0.027970,0.029705,-0.017444,0.014440,0.041979,-0.063503,-0.008303,0.025972,-0.084017,-0.056752,0.011101,-0.106900,0.052959,-0.061457,-0.041251,-0.005748,-0.010945,-0.012119,-0.045310,-0.138848,-0.049109,0.042237,-0.005065,0.014837,-0.053794,0.042637,0.001953,0.062506,-0.035892,-0.034017,0.008370,-0.031222,-0.001101,-0.013432,0.045682,0.029962,-0.042930,-0.026167,-0.059655,-0.007252,0.176450,0.095435,0.082491,-0.078886,-0.119689,-0.030568,-0.005743,-0.065304,-0.015828,-0.021078,-0.039820,-0.107865,-0.029969,0.064656,0.100760,0.045781,-0.157460,-0.150742,-0.018559,-0.074209,0.004638,0.019486,-0.011996,-0.080689,-0.033941,-0.023856,0.001197,-0.044746,0.040471,-0.117333,-0.101653,-0.083101,-0.021783,0.040812,0.050910,0.110266,0.086935,-0.027598,0.067660,0.026924,-0.022614,-0.004766,-0.119188,-0.013791,0.197613,0.144136,-0.246086,0.018850,0.009837,-0.013170,-0.052123,0.042389,-0.029091,0.070525,-0.108728,0.064779,0.124459,-0.261738,-0.309161,-0.095023,-0.035179,-0.092849,-0.073477,-0.004801,-0.105298,0.079460,0.015982,-0.076728,-0.184142,-0.128057,-0.010808,0.038506,-0.081360,0.010606,-0.058748,0.038386,0.000638,-0.044299,-0.090872,0.006847,-0.048861,-0.010529,0.053953,-0.113020,-0.061970,0.017283,0.014820,-0.179775,0.004181,0.050772,0.028658,-0.041594,-0.032741,-0.016464,-0.049229,0.091984,-0.158590,-0.043365,0.056498,-0.043481,-0.048917,0.026431,0.026300,-0.042667,-0.063180,-0.027286,-0.083944,-0.161226,-0.068879,0.180280,0.120680,0.099274,-0.034109,-0.003812,0.012919,0.009729,-0.100637,0.045569,0.015560,-0.038989,-0.067726,-0.049418,-0.006255,-0.002329,-0.060773,0.112913,0.147441,0.163287,-0.014086,0.021662,-0.106997,-0.050011,-0.058732,-0.070686,-0.060901,-0.090321,0.051876,-0.144047,-0.237670,-0.110837,0.025970,-0.024761,0.080391,0.057947,0.024241,0.019711,0.092854,-0.004302,-0.045443,0.051426,0.000252,-0.244146,-0.342717,0.084287,-0.165291,0.126438,-0.030287,0.071254,0.035995,0.007632,0.029906,0.006423,-0.043255,-0.145693,-0.179436,0.141914,0.039857,0.018422,-0.048674,-0.002042,0.007380,0.008173,-0.077149,-0.002732,-0.020317,0.091237,0.150014,0.053195,-0.002245,0.024322,-0.117509,-0.037096,0.037982,-0.089310,-0.003249,-0.134427,0.000771,0.091656,0.026036,0.046744,0.043628,0.077825,-0.127968,-0.048240,-0.050551,0.000285,-0.104872,-0.091485,-0.058668,-0.101916,-0.080254,-0.099323,-0.202015,-0.138569,-0.141814,0.122733,-0.046974,-0.005905,-0.062640,0.087974,0.017208,-0.034148,-0.049525,0.012225,-0.116126,-0.018192,-0.006254,-0.085748,-0.065799,0.001232,0.141704,0.017421,-0.015296,0.002438,0.095721,-0.013782,0.011792,-0.027589,0.004281,0.012473,-0.064997,-0.043356,-0.129985,-0.067638,0.045696,0.108007,-0.021559,0.017728,0.023692,-0.044387,-0.048466,-0.007218,-0.027593,-0.024304,0.043455,-0.052721,0.084212,-0.078670,0.060381,-0.013702,-0.031683,0.105734,-0.031618,0.001835,-0.069589,-0.005587,-0.088297,0.036548,-0.065890,0.067741,0.054903,0.008977,-0.038408,0.026239,-0.015947,0.020671,0.004509,-0.079047,-0.006324,-0.053257,0.006090,-0.030204,-0.059734,-0.173841,-0.099172,0.031766,-0.016928,-0.067476,-0.036311,0.025702,0.045947,-0.059822,-0.001984,-0.064937,-0.040793,0.008306,0.001448,-0.071675,-0.000745,-0.044748,0.018253,-0.026319,0.023432,-0.016794,0.065652,0.114753,0.008469,-0.029268,0.022678,-0.029201,0.054678,0.002597,-0.046935,-0.050010,0.009106,0.029538,0.047025,-0.062810,0.018941,-0.026743,0.067508,-0.054626,0.017303,0.056699,-0.090843,-0.053192,0.004076,-0.075449,0.009987,-0.012368,-0.066117,-0.011743,0.015567,-0.120644,-0.018642,-0.006228,-0.012523,-0.046374,-0.085714,-0.095695,0.046386,-0.092761,-0.054925,0.031683,0.044064,0.103434,-0.026586,-0.112071,0.119586,0.008047,-0.034065,0.198389,0.053959,-0.014096,0.028988,0.017725,0.007385,0.036151,-0.027074,-0.009473,0.055808,-0.004006,0.043400,0.043081,-0.005628,0.026535,0.111182,-0.116036,-0.072966,-0.048148,-0.004219,0.070047,0.064224,-0.038793,-0.015045,0.026526,-0.034020,-0.076220,-0.063706,0.046193,0.047691,-0.003692,-0.051923,0.039420,-0.024602,-0.044700,0.015876,0.003277,-0.088100,-0.015490,-0.020613,0.193625,-0.035427,-0.059281,0.039284,-0.057312,-0.062584,-0.000964,-0.008271,-0.031351,-0.055943,0.050224,-0.045571,0.025589,0.029915,-0.033100,0.009477,-0.004515,-0.033817,0.011809,-0.023822,0.003427,-0.031557,-0.087343,-0.011588,0.071609,-0.093133,0.042751,0.009028,0.037654,0.011301,-0.028091,0.009541,-0.074020,0.003444,-0.018999,-0.080076,-0.027842,-0.040533,-0.069400,-0.030652,-0.023023,0.077876,0.018958,0.004605,-0.030707,-0.018861,0.051907,-0.024195,0.057142,-0.122434,0.006693,0.011033,-0.207993,-0.057059,0.086562,0.024210,-0.016577,-0.043205,-0.084633,-0.017841,-0.058409,-0.024498,0.010546,-0.126319,0.053169,0.008680,-0.072214,-0.621716,-0.371522,-0.149890,0.227812,0.024139,0.094128,0.147854,-0.035303,-0.036480,0.056700,-0.020428,-0.008481,0.004913,0.012181,-0.334042,-0.200211,-0.079835,0.172710,-0.048903,-0.071159,-0.063254,0.057426,0.033610,0.083147,0.003618,-0.102050,-0.169877,-0.095940,0.051243,0.301146,-0.113887,-0.039739,-0.021488,0.025388,-0.051316,-0.038844,-0.005165,0.065172,-0.046186,0.116864,0.121123,0.012125,-0.228240,0.017810,0.091181,0.103666,-0.021368,0.011887,0.025520,-0.044946,-0.024155,0.054084,-0.161697,-0.241393,-0.011286,0.005052,-0.033504,-0.014400,0.088759,0.014000,0.000425,-0.035993,-0.126755,-0.239294,0.097201,0.101511,0.098857,-0.087192,0.086476,0.112819,0.033694,-0.089485,-0.037817,0.001007,0.045116,-0.078478,-0.090435,-0.032309,-0.035503,0.078838,0.032539,0.018173,-0.053104,-0.026179,0.038833,-0.001838,-0.005990,0.023265,0.007648,0.000758,0.184797,0.261762,0.224153,0.049774,-0.226116,-0.144404,-0.029905,-0.161296,-0.074815,0.047686,-0.089120,0.036672,-0.049740,-0.008415,0.049003,0.075858,0.069627,-0.128278,-0.012957,0.023149,-0.081288,-0.095976,-0.052604,0.030845,0.033267,-0.046221,-0.021737,0.090763,-0.072502,0.177932,-0.000455,-0.106467,0.080632,0.247847,-0.054797,-0.183488,-0.026380,-0.056839,-0.066671,-0.063976,-0.002785,-0.095441,0.072934,0.043226,-0.006979,0.263373,0.095042,-0.239820,-0.157285,-0.076599,0.104300,-0.016275,0.063519,0.015431,0.068755,0.108565,0.053851,0.116781,-0.041414,-0.533678,0.100832,-0.014288,0.058765,0.019395,0.014356,-0.027341,0.008131,-0.040955,0.090478,-0.113668,-0.150876,0.234643,0.008571,-0.075605,-0.052844,0.108605,-0.036598,0.007351,0.112485,0.163472,0.011873,0.073406,-0.032920,0.049953,0.025716,-0.084284,0.068814,-0.072910,0.082878,0.112637,-0.038412,0.174798,0.057916,0.024416,0.148437,0.040660,0.058722,0.074799,0.108383,0.089553,0.122826,0.064542,0.045676,0.064080,0.053539,0.044197,0.086506,0.008978,-0.054912,-0.084467,-0.068841,-0.010656,-0.004989,0.032571,-0.188129,0.072914,0.051627,0.061013,0.024549,0.022228,0.021070,-0.004319,0.058460,-0.003695,0.005027,-0.054747,0.015366,0.096081,0.160357,-0.198427,0.022200,-0.029023,0.099182,0.112164,0.083114,0.047515,0.001988,0.110873,-0.030146,-0.092133,0.025529,0.044530,-0.053478,-0.276788,0.044019,0.082723,0.005631,0.068036,0.031215,0.052905,0.043338,0.086548,-0.053052,0.089685,0.006261,-0.164181,-0.271608,0.016420,0.041662,-0.010535,0.029483,-0.016154,0.069461,0.022239,0.068926,0.013564,-0.117365,-0.225055,-0.134869,-0.035693,0.076806,0.081022,0.087249,0.015150,0.054793,0.023767,0.045433,0.022032,-0.088597,-0.173107,0.115943,-0.047181,0.033224,-0.044143,0.041390,0.033818,0.075074,0.129786,0.057853,0.028719,0.031502,0.038326,-0.060014,-0.014621,0.076758,0.078828,0.055877,0.024012,0.013936,0.133889,0.046432,0.051728,0.092754,0.080935,-0.001022,0.036756,0.027339,0.138477,0.051117,-0.012779,0.053211,-0.064319,0.059500,0.001380,0.018382,-0.041794,-0.088914,-0.337955,-0.015516,-0.003853,0.050521,0.170428,0.164366,-0.043102,-0.115133,0.031290,-0.066667,0.005524,-0.052351,-0.055108,-0.094666,0.034563,-0.117556,0.022178,0.136233,0.057932,0.079976,-0.062927,0.089196,0.047708,0.065273,0.081011,-0.090405,-0.083527,0.002645,0.048788,-0.065399,-0.050241,0.047466,-0.043444,-0.159550,-0.264906,0.158877,0.071135,0.085970,-0.032928,0.015371,-0.075535,-0.017676,-0.031220,0.078567,0.121147,0.005812,-0.277661,-0.367649,-0.016269,0.086611,-0.031508,-0.018497,-0.057835,-0.101354,0.031142,-0.068214,-0.033755,-0.027366,-0.203934,-0.174560,0.017758,0.023332,-0.024928,0.010597,0.109268,-0.015619,0.028015,-0.052322,-0.107075,-0.032027,0.123015,-0.069333,-0.065242,-0.131794,-0.036556,-0.061819,0.059356,-0.067668,-0.078206,0.010828,0.135344,0.013888,-0.068718,0.004985,-0.058022,-0.054907,0.005403,-0.036645,-0.092746,-0.018188,-0.028902,-0.031020,0.061326,0.057193,-0.082607,0.018791,-0.026518,-0.065626,-0.042237,-0.075677,-0.012966,-0.015720,0.022512,0.012577,-0.113930,-0.016332,-0.012929,0.000219,-0.022474,-0.019505,0.047247,0.009088,-0.007797,-0.044863,-0.010900,0.047473,-0.062085,0.027273,-0.011319,0.051168,-0.080227,0.004654,0.021704,-0.103049,-0.128008,0.006089,-0.062058,-0.097469,0.088019,0.093307,0.023036,0.084024,-0.026963,-0.008494,-0.010797,0.048116,0.029717,-0.066738,-0.134360,-0.091226,0.053695,0.195719,0.250529,-0.025755,-0.010810,0.049922,0.055507,0.015285,0.026426,-0.016121,0.056577,-0.026640,0.079479,0.017989,0.102303,0.107886,0.063067,0.001833,-0.053512,0.056502,0.020483,0.021426,0.033938,0.037525,0.055472,0.010658,0.085316,0.007114,0.094014,0.085801,0.008343,0.040603,-0.039780,0.080474,-0.009613,0.073737,-0.023753,-0.010847,-0.089962,-0.035416,0.025662,0.063290,0.063334,-0.033782,0.099122,0.032279,0.033171,0.035529,-0.028241,-0.005772,0.046859,-0.034765,-0.017911,0.061040,0.030685,0.074099,0.035260,-0.000241,-0.021889,0.090847,0.013792,0.032485,-0.002422,-0.001119,0.031002,-0.020996,0.012915,-0.070116,0.039831,-0.026117,0.013506,-0.018533,0.044562,0.015058,0.056662,-0.157927,-0.174598,0.113813,-0.124332,-0.138293,-0.028820,-0.283155,0.110329,0.112222,-0.005601,0.036306,-0.101565,0.053050,0.065087,0.045064,-0.036063,-0.073584,-0.061095,0.233926,0.517101,0.159334,-0.110831,0.052997,0.029861,-0.025075,-0.023382,0.007097,0.063444,0.009837,0.027734,-0.058027,-0.052412,0.419413,0.650768,0.242218,0.066378,-0.048289,0.110951,-0.023383,0.002937,0.013446,0.049742,0.013837,0.088686,0.068243,-0.061592,0.251337,0.276113,0.117880,0.034345,-0.023461,-0.067074,-0.073015,-0.058252,0.021531,0.041042,0.076837,0.056457,0.008282,0.035460,-0.115336,0.063645,0.060324,-0.001929,-0.024857,-0.019249,-0.024201,-0.030004,-0.069967,0.053552,-0.110314,-0.223103,0.073398,-0.045810,0.099525,0.060128,0.010909,0.081217,0.009488,0.175851,0.007223,-0.224119,0.121106,0.076686,0.029902,-0.004641,-0.047008,0.007495,0.069330,0.182073,0.001740,-0.122475,0.003977,-0.087704,0.061617,0.003353,-0.069043,-0.011118,0.084461,0.021337,-0.006576,0.009716,-0.010442,-0.057350,-0.068846,0.078651,0.010921,-0.064907,0.120997,0.008156,0.041540,0.092461,0.154585,0.222136,0.207679,-0.027539,-0.056795,-0.075544,-0.103682,0.052796,0.004846,-0.102555,-0.067121,-0.144516,0.067752,0.253048,0.119278,-0.197589,-0.335104,0.108677,0.036084,0.016629,-0.059524,-0.000891,-0.029553,-0.075906,0.019986,0.017469,0.074140,0.185904,0.009574,-0.490045,-0.595115,-0.060100,0.050026,0.048642,-0.009739,-0.019555,-0.028281,0.019853,0.039379,-0.133459,0.030525,-0.044346,-0.289848,-0.130568,0.034690,0.009004,0.003496,-0.081003,0.112303,0.019498,0.002356,0.058921,-0.075299,-0.126585,0.124171,0.103093,0.128200,-0.147077,-0.052643,-0.126813,-0.049822,-0.132214,-0.029591,-0.045345,-0.051945,-0.099281,0.023079,0.164526,-0.071584,0.036612,-0.082908,0.061442,-0.046430,0.010605,-0.005589,-0.121361,-0.138334,0.079973,-0.149085,-0.004545,0.054023,-0.009571,-0.029899,0.001477,-0.035258,-0.088363,-0.080888,0.041192,0.057791,-0.023352,0.087065,-0.050783,0.128722,-0.066472,0.055738,-0.026345,0.033416,0.014181,-0.000591,-0.038911,-0.028380,0.032661,-0.049264,-0.068843,-0.137056,-0.080269,-0.170349,-0.301700,-0.467949,-0.440571,0.021488,0.074067,0.094803,0.008771,-0.070461,0.032043,-0.065627,-0.027338,-0.048121,-0.100026,-0.082208,-0.193366,-0.356582,-0.174851,-0.058699,0.206693,0.080607,0.062780,-0.014789,0.008032,0.017529,0.002902,-0.113280,-0.059385,-0.114807,-0.074935,-0.065539,-0.090553,0.042207,0.049880,0.078264,0.059073,0.100983,-0.059573,0.019243,-0.013775,-0.053747,-0.030564,-0.022313,-0.086181,-0.072895,0.099779,0.042446,0.107217,0.043200,0.004232,-0.020850,0.081897,-0.039933,0.023701,-0.004798,0.022254,0.014108,0.056481,0.106371,-0.111376,-0.058592,0.008350,-0.045211,0.028126,-0.089963,-0.021728,-0.102616,-0.011288,0.061366,0.146268,-0.000169,0.006324,0.013512,0.020638,-0.052037,-0.003107,-0.026781,0.058555,0.047725,0.123433,0.018551,0.098541,0.041733,-0.056722,-0.021192,0.052439,-0.057484,-0.068495,-0.024762,0.080631,-0.023795,0.049315,0.114139,0.084185,-0.045614,-0.039355,-0.038311,-0.035962,-0.113376,-0.047382,0.045740,-0.093142,-0.063624,-0.092156,-0.093804,0.097527,0.031121,-0.284560,-0.124696,-0.012067,-0.009921,0.201429,0.112868,0.051962,-0.005300,0.030784,0.045589,0.004482,0.007224,0.041348,0.021053,0.054839,0.006046,0.086337,0.153525,-0.023368,-0.071525,0.076039,-0.007661,-0.058485,-0.027352,-0.038383,-0.014811,0.011288,-0.065782,-0.043392,-0.026497,0.085190,0.281392,-0.082465,-0.111945,0.086612,-0.032866,-0.036764,0.101028,0.035271,0.012671,0.045422,0.015310,-0.095491,-0.000861,0.049420,-0.116572,-0.109120,-0.164800,-0.020868,-0.025020,-0.015428,-0.025436,-0.023172,-0.046190,0.006821,-0.108460,-0.007203,0.062423,0.080453,-0.100696,-0.042270,0.017083,0.128035,0.004489,-0.058525,-0.028512,0.020846,-0.136223,0.058794,0.124602,0.114978,-0.137945,-0.054170,-0.034237,-0.128843,0.006083,-0.043218,-0.003350,-0.050168,0.019877,0.063704,-0.043356,0.003209,-0.006832,-0.016103,0.013056,-0.051513,0.020158,-0.099388,0.005512,-0.008790,-0.133620,-0.045925,-0.083277,-0.016618,-0.043347,-0.023274,-0.074700,0.012439,-0.099404,0.032078,-0.051033,0.051426,-0.049035,-0.026539,-0.033719,0.000649,0.179835,0.320924,0.233971,0.240604,0.254131,0.201840,-0.022144,-0.136009,-0.071280,-0.140140,0.013909,-0.035740,-0.091044,0.005362,-0.045233,0.019380,0.109697,-0.001953,-0.007482,-0.002710,0.067848,-0.107838,-0.089063,0.076261,-0.082296,0.002176,-0.045081,0.022195,0.057893,-0.063129,-0.108348,-0.106773,-0.269525,-0.192831,-0.093615,0.014851,0.015846,-0.046660,-0.056459,0.114728,-0.038273,0.001197,0.058724,-0.092824,-0.054281,-0.131640,-0.271587,-0.338210,0.112023,0.062543,0.024977,0.049424,0.002504,-0.010775,-0.019351,-0.003064,-0.169979,0.025845,-0.236998,-0.290199,0.188702,-0.047204,0.001755,0.019374,-0.000185,0.011061,-0.036131,-0.017694,-0.045021,-0.055883,-0.079803,0.198419,0.033368,-0.027687,0.024604,-0.059237,-0.037306,-0.013791,-0.131183,-0.045518,0.035748,0.241822,-0.007515,-0.035316,-0.019382,0.066511,-0.090004,-0.001399,-0.033477,-0.060809,0.083935,-0.091601,-0.003882,-0.011134,-0.000646,-0.089606,-0.014506,0.015675,-0.114841,0.049640,-0.089452,0.026187,-0.065726,0.000843,-0.034730,-0.060313,-0.010010,0.015889,0.285319,0.230446,-0.034967,0.004996,-0.023917,0.004994,0.197466,-0.074084,-0.153555,-0.057499,-0.161970,0.001326,-0.088153,0.035261,0.040636,0.011231,0.103970,-0.115146,-0.256099,-0.029880,0.144897,0.243699,0.208814,0.087885,0.030015,0.056584,0.027102,0.012591,0.072682,0.063747,-0.097011,-0.141972,-0.262126,0.087448,0.124440,0.501503,0.023951,-0.048548,-0.072584,0.053652,-0.032742,-0.077693,0.002620,-0.013353,-0.005315,-0.047009,-0.146059,0.077736,0.979886,-0.058515,-0.028759,0.012771,-0.048389,0.005615,-0.001684,0.120056,0.096281,0.076160,0.016139,0.396431,0.554225,0.003224,-0.013800,-0.008015,0.045881,-0.022944,0.073573,0.085305,-0.013363,0.053063,-0.028933,0.128621,-0.017651,0.017392,-0.010522,0.016534,0.024260,0.066639,-0.016721,-0.102357,-0.014044,-0.055850,-0.025776,-0.076064,0.028847,-0.014558,-0.072044,-0.002449,0.008174,0.043204,-0.052713,-0.124859,-0.015732,-0.083277,0.031809,-0.133556,0.068647,0.002376,0.098899,-0.146861,-0.031871,0.012110,-0.025294,-0.020489,0.079177,0.090194,-0.080874,0.011488,-0.046497,0.026537,-0.035040,-0.094355,0.024287,0.150545,0.217709,0.074734,-0.004926,0.012228,0.042954,0.103307,0.002532,-0.094338,-0.006438,-0.007924,-0.041680,-0.125313,-0.083191,-0.009142,0.042941,-0.063601,0.039169,-0.049538,-0.023226,-0.022155,0.070779,0.049125,-0.037971,-0.081434,-0.077257,0.007427,0.024297,-0.078915,-0.157658,-0.075445,0.000363,0.047333,0.082755,-0.088486,0.041394,0.024935,0.040843,-0.003883,-0.050059,-0.056478,-0.076631,0.022095,-0.050287,0.044821,0.056231,-0.087947,-0.047867,-0.076395,0.010063,0.020305,-0.024857,-0.063348,-0.037482,0.009217,-0.043218,-0.000055,0.141620,0.049327,0.084913,-0.013997,0.013326,0.087401,0.035341,0.022241,-0.053984,-0.240226,0.056226,0.015997,0.054528,0.011212,0.028342,-0.052057,0.036576,-0.059152,-0.040659,-0.155229,-0.052387,-0.049543,-0.029508,-0.021180,0.031026,0.065849,0.045975,-0.078125,0.041128,0.005724,0.085116,-0.107235,0.062669,-0.026464,0.047623,0.028169,-0.060589,0.007589,-0.073872,-0.080592,0.033777,-0.068201,-0.018843,-0.041832,-0.021731,-0.008610,-0.032575,-0.112810,-0.001516,0.004133,-0.105411,0.097969,0.063430,-0.036386,-0.016727,0.060116,-0.005171,-0.008208,0.010328,0.019967,0.003676,-0.024895,0.008522,-0.025678,0.028006,0.254010,0.057835,-0.034174,0.005714,-0.037440,0.058952,-0.074940,0.050924,0.017964,-0.050390,0.025567,0.044612,0.115616,0.170491,0.006285,0.060037,0.043915,-0.054238,-0.014292,0.084589,-0.115928,-0.057784,0.039968,-0.106492,-0.026520,0.069030,-0.142051,-0.064872,0.070196,-0.103095,-0.027886,0.125681,-0.041508,-0.054231,0.045658,0.030367,-0.025064,-0.074218,-0.077095,0.118232,-0.208342,-0.082039,-0.103934,-0.027237,-0.018848,-0.038534,0.019148,-0.062484,-0.026475,0.000019,0.047088,-0.051015,-0.049684,-0.004404,-0.013644,-0.059840,-0.077054,0.016948,-0.056449,-0.046938,-0.020052,-0.050357,-0.158237,0.082232,-0.014858,0.012185,-0.072274,0.092181,0.039734,-0.004726,-0.041628,-0.026280,-0.058036,-0.037261,-0.040825,-0.067662,-0.006009,-0.064795,-0.043765,-0.068990,-0.012851,-0.033705,-0.015822,-0.030775,-0.078565,-0.115277,-0.022170,-0.019656,0.050781,0.320385,0.371454,0.171618,0.056757,-0.015116,0.018258,0.035465,0.022817,0.005089,0.077852,0.117583,0.063772,0.012227,-0.019404,0.025266,0.039303,-0.015622,-0.008605,0.110113,0.097981,0.084567,-0.051211,-0.054224,-0.015781,-0.136146,-0.035874,-0.038125,-0.027327,0.023708,-0.050748,-0.050850,0.040878,-0.048819,-0.017147,0.044346,-0.071257,-0.061796,-0.006651,-0.024691,-0.040049,-0.066763,-0.021324,-0.001837,-0.084268,-0.003658,0.062532,-0.220183,-0.176197,-0.004100,0.043986,0.038631,-0.036166,0.027873,-0.050870,-0.055879,-0.040754,-0.103030,0.047004,-0.139886,-0.203662,0.033838,-0.072094,-0.052700,0.000116,-0.044312,-0.104354,-0.053882,-0.028941,-0.165610,-0.043716,0.127037,0.097258,-0.057704,-0.102146,-0.133108,-0.028393,-0.081380,-0.043248,0.036563,-0.015546,0.020881,-0.050765,0.060350,-0.049164,-0.015954,0.011667,-0.040771,0.056454,-0.063732,-0.058213,-0.016577,0.012732,-0.025061,0.116929,-0.155807,-0.039608,0.059596,-0.042699,-0.075870,-0.080043,-0.034337,-0.016246,-0.079651,-0.116777,-0.069639,-0.140461,-0.062117,0.022241,-0.045789,-0.136551,-0.018140,0.209271,0.112351,-0.274458,-0.235145,0.036024,0.036806,-0.037549,-0.079974,-0.043238,0.113890,0.104159,0.082611,0.023996,-0.179467,-0.355996,-0.151371,-0.154678,-0.201929,0.032468,0.128996,0.160634,0.096194,0.140731,0.109842,0.055334,0.079344,0.112759,-0.045202,-0.218875,-0.213689,0.163864,0.137481,0.163905,-0.040269,-0.009480,-0.058585,0.053020,-0.018860,-0.016917,0.014757,0.094907,-0.002621,-0.004185,0.287139,0.154371,0.048487,-0.005570,0.060764,-0.088962,0.045386,-0.025605,0.003507,0.076222,0.067826,0.112923,-0.081055,-0.077725,-0.035339,-0.011800,0.102556,0.053638,0.048885,0.051111,0.117386,-0.054181,0.139123,0.086735,0.010337,0.053169,0.003611,0.052954,0.032299,0.027597,-0.054453,0.075971,0.066909,0.071998,0.082580,0.018579,-0.057890,0.053936,-0.074511,-0.029716,-0.037304,0.060561,0.009807,0.104073,0.054057,0.091554,-0.001215,0.092826,-0.078501,0.056562,0.087347,0.098700,0.161134,0.107744,-0.075508,0.121247,0.016256,0.003839,0.062782,0.001298,0.112514,-0.026351,-0.436296,-0.209094,-0.087634,-0.076698,0.020387,-0.058692,0.035278,0.035580,-0.022437,0.050523,0.012561,0.099111,-0.020863,-0.036689,-0.010213,-0.047869,0.029705,0.321731,0.025173,-0.061753,0.132436,0.144347,-0.120456,-0.118390,-0.045829,-0.026665,-0.069876,-0.088448,-0.042428,-0.095267,0.137021,0.238209,0.209694,-0.112033,0.002439,0.036757,0.046587,-0.086880,-0.015980,0.038544,-0.050147,0.065830,-0.060384,-0.041295,-0.128150,-0.178508,-0.192939,-0.166642,0.040747,-0.000856,0.052272,0.007323,-0.008668,-0.031682,-0.013592,-0.000522,-0.002717,-0.059327,0.083070,0.008057,-0.100477,0.058050,-0.044205,-0.014882,0.046862,0.031993,-0.070599,0.076142,-0.105892,-0.005174,-0.041120,-0.041356,0.096391,0.011832,-0.010790,0.085429,-0.005858,-0.011031,0.032500,-0.036620,-0.076058,-0.067871,-0.007217,0.013890,-0.121147,0.073224,-0.001716,-0.003622,-0.089218,-0.031261,-0.085984,0.015554,0.011807,0.022527,0.010521,-0.029634,-0.052947,-0.026603,0.003141,-0.038197,0.106440,-0.054906,-0.025482,0.043365,-0.014750,0.003770,-0.065132,0.003815,0.020721,0.126524,0.278748,0.210975,-0.022516,-0.238323,-0.018342,0.034395,0.036296,-0.073200,-0.041343,-0.026622,0.020111,-0.004516,-0.002332,0.019984,0.139841,0.072573,0.081087,0.035223,0.009952,-0.009434,-0.051611,0.065559,0.028074,-0.036081,0.009647,0.022105,0.040873,0.057727,0.129753,0.000943,-0.170873,0.008620,0.109727,0.000287,-0.031291,-0.007826,0.033370,0.152032,-0.093381,0.106279,0.098120,0.013843,-0.100356,-0.186914,-0.043326,0.080652,0.119757,0.036208,0.004927,0.016869,0.002455,-0.022980,0.064026,-0.001646,0.067529,-0.032255,0.038559,0.361348,0.279271,-0.002082,-0.021691,-0.156430,0.088046,0.004572,-0.004871,0.005675,0.061837,0.071309,0.289243,0.126868,-0.033513,-0.020330,0.008641,0.012217,0.014852,0.023784,-0.013298,0.016057,0.022119,0.051747,-0.055977,-0.069190,-0.030819,0.038807,-0.030700,0.000635,0.085217,0.034298,-0.047929,-0.112400,0.059826,0.005040,0.028894,-0.035483,0.001065,0.010567,0.036132,0.017011,0.099798,-0.013955,-0.074697,0.075577,-0.052761,0.037100,-0.061045,0.043453,0.118153,0.152476,0.145879,0.200608,0.021490,-0.279462,-0.264619,0.025316,0.012417,-0.007055,0.052855,0.024959,-0.046958,0.029107,0.023741,0.139824,-0.064989,-0.037581,-0.041034,-0.021170,0.028494,-0.229561,0.117730,0.045030,-0.034315,0.014617,0.042172,0.041191,-0.034235,-0.072375,-0.191016,-0.210783,-0.258029,-0.010583,0.158818,0.044741,0.033679,-0.085670,-0.053183,-0.060502,-0.052782,0.097463,-0.047171,-0.084229,-0.015867,-0.078295,0.103491,0.100172,-0.130087,0.094377,-0.021285,-0.096807,0.047693,0.082302,0.027963,0.063722,0.027352,0.098408,0.047937,-0.319107,-0.277315,-0.001468,-0.003045,0.005993,0.068615,-0.058305,-0.041302,0.063097,-0.050877,0.023923,-0.241037,-0.295010,-0.009947,-0.064124,-0.023826,-0.031728,-0.124224,-0.008478,0.057971,-0.067340,-0.003609,-0.054061,-0.091178,-0.096587,-0.072317,-0.140720,-0.085816,-0.098429,-0.113212,-0.083550,-0.106975,-0.023668,0.024788,0.039567,0.016280,-0.057188,0.038568,0.037108,-0.048927,0.129107,-0.055804,0.037516,-0.075532,-0.107549,0.000807,-0.108477,-0.084970,0.037892,-0.041878,-0.132102,0.039264,0.067252,-0.004709,-0.105347,0.120651,0.015505,-0.050183,0.040959,-0.022285,0.028438,-0.029012,-0.066248,0.005231,0.039282,-0.068827,-0.109896,0.020527,0.270759,0.038763,0.235462,-0.045770,-0.068704,-0.048155,-0.084681,-0.047540,-0.071981,-0.133458,-0.163820,0.008795,-0.104313,-0.081339,-0.019823,-0.003250,0.079269,0.026830,0.011961,0.001315,0.012153,-0.067091,0.037675,-0.097372,-0.065719,-0.092724,-0.062307,-0.150197,0.099012,0.102198,-0.026581,0.008277,0.000169,0.005533,0.041421,-0.027774,-0.060846,-0.113493,-0.092933,0.067022,0.111162,0.065128,-0.056256,-0.104988,0.040674,-0.045598,-0.038262,0.013010,-0.021986,-0.047975,-0.049557,-0.052021,0.079857,-0.123630,0.002686,-0.071498,-0.005880,-0.031127,-0.111470,-0.077625,-0.117144,0.055618,-0.099958,-0.090680,0.082394,-0.013035,-0.057838,-0.029042,-0.066167,0.081497,-0.014767,0.044414,0.067611,-0.036872,-0.019873,-0.020882,-0.014887,-0.055255,-0.019286,-0.089891,0.025849,-0.042303,-0.119826,0.008341,-0.049164,-0.000711,-0.083503,-0.129418,-0.011154,-0.055245,0.005019,-0.042091,-0.016938,-0.000451,-0.147322,-0.074410,0.070298,-0.008531,0.026766,-0.013141,0.048451,0.093457,0.036386,0.099813,-0.007660,-0.135593,-0.147772,-0.072384,0.018897,0.024127,0.078703,0.066136,0.003042,0.094795,-0.043190,0.015421,0.032892,-0.084206,0.003843,-0.058714,-0.053775,0.100431,0.057870,-0.080691,0.007539,0.032155,0.016631,0.093772,-0.031940,0.024083,0.092464,-0.000681,0.067689,0.084885,0.093830,0.133323,-0.048883,-0.040091,-0.091131,-0.026385,-0.001283,-0.004304,-0.038783,0.028280,0.002310,0.091004,0.034241,0.092949,0.184320,0.004594,0.002834,-0.012116,0.049404,0.006383,-0.023063,-0.021005,0.076638,0.011540,0.008643,0.065144,0.007188,-0.049835,0.033759,0.003857,0.025488,0.010171,-0.001980,0.036780,0.068786,-0.045820,0.014850,-0.055788,-0.029376,-0.065863,0.013118,0.030294,-0.000208,-0.036191,0.016213,0.004998,0.030292,0.052644,0.045482,0.119232,0.119840,0.038692,0.060386,0.064592,-0.005147,-0.056134,-0.061226,0.004275,-0.062779,-0.001367,0.019636,0.016426,0.008065,-0.012470,0.190249,0.034204,-0.097370,0.003925,-0.070638,0.049215,-0.038187,-0.009407,-0.095970,0.026771,-0.020554,-0.027353,-0.086839,0.062141,0.041316,0.075652,0.026674,0.112562,0.179993,-0.021246,-0.093098,0.022296,-0.040541,-0.056755,-0.018489,0.017311,-0.019328,-0.041918,0.107913,-0.000586,0.043443,0.175324,0.069450,-0.004943,-0.090948,-0.015420,0.116187,0.003880,-0.031733,0.080875,-0.050859,0.112806,0.052069,0.014846,-0.070078,0.083095,0.025326,-0.065281,0.008013,-0.015001,0.055195,0.036699,-0.036794,-0.052535,0.035971,-0.041913,0.031849,0.012655,-0.167488,0.030339,-0.041439,-0.004818,-0.018244,-0.044784,-0.020998,0.039981,0.053497,0.098439,0.032330,-0.102877,0.065137,0.042349,0.008685,0.032470,0.082010,0.013551,-0.004855,0.077264,0.073489,0.016512,-0.002490,0.030902,-0.076123,0.107705,-0.005535,0.006086,0.004648,-0.066806,-0.004559,0.047610,0.006478,0.054901,0.097709,0.094314,-0.004349,0.081269,0.043868,0.001263,0.023763,0.062342,0.006347,-0.010610,0.042374,-0.044746,0.038195,0.099959,-0.012924,0.044326,0.073302,0.106951,0.128168,0.089317,0.212759,0.011940,-0.049038,0.005492,-0.059839,0.008292,-0.006387,-0.023780,-0.023340,-0.061000,0.046590,0.012810,0.105275,0.147874,0.136197,0.182729,-0.010397,-0.033273,-0.107614,-0.067126,0.072831,-0.008638,0.052541,0.003859,-0.046822,-0.032609,0.059835,0.100924,0.074062,0.026300,0.110085,-0.021982,0.031901,0.037883,-0.060755,0.035413,-0.051488,0.059137,-0.086998,-0.026912,0.102660,0.211068,0.018841,0.070968,-0.045353,0.023028,-0.108399,-0.051247,0.012469,-0.030876,-0.063531,-0.074905,0.102544,0.100483,0.014086,0.100690,-0.054091,-0.049437,-0.103909,-0.018189,-0.063923,-0.026692,0.009886,-0.062368,-0.004140,-0.051078,0.103878,-0.109184,-0.036398,-0.038768,0.029748,-0.080023,-0.133981,0.049410,-0.022885,-0.013584,-0.014184,0.002366,-0.134795,0.012713,-0.027355,-0.021083,-0.064747,-0.010354,-0.050819,0.037275,-0.095843,-0.067992,0.018831,-0.078023,-0.019820,0.016546,0.013726,-0.041178,0.031349,-0.050756,-0.047771,0.004549,-0.042708,0.002079,0.011456,-0.123040,0.055231,0.053563,-0.213309,-0.116442,-0.067702,0.211296,0.186411,-0.019704,-0.007769,-0.122530,-0.059117,-0.007370,0.044586,0.092473,-0.051391,-0.066787,-0.060509,-0.083388,-0.137487,-0.014882,-0.016408,-0.066241,0.272787,0.132892,-0.029443,-0.039051,0.012715,-0.049416,-0.050883,-0.025372,0.055540,0.151448,0.078714,0.224952,0.171889,0.151698,0.147987,-0.107456,-0.130825,-0.135713,-0.186604,-0.007377,-0.179364,-0.022264,-0.083610,-0.034348,0.120365,0.200728,0.128987,-0.227504,-0.020980,-0.046612,-0.028518,0.030301,0.019291,0.012623,0.018205,-0.019130,-0.014394,0.198814,-0.173906,-0.550796,0.023939,-0.064411,0.003998,0.031231,-0.034894,-0.078133,-0.147017,-0.114867,0.010480,-0.208987,-0.320932,-0.025697,-0.011152,-0.091162,-0.053744,0.029348,0.043749,-0.016905,-0.079054,-0.018880,-0.021011,-0.068506,-0.137676,0.005244,-0.178041,-0.030092,-0.176640,-0.120512,-0.144526,-0.000293,-0.006373,0.025790,-0.132437,-0.048235,-0.046496,-0.013593,-0.023634,0.134144,0.092597,-0.019738,-0.083185,-0.021653,0.002725,0.006837,0.030502,-0.075795,-0.094102,-0.243945,-0.348927,-0.099913,0.186461,0.168939,-0.194066,-0.281200,0.062446,-0.018041,0.021572,0.000087,-0.004759,-0.044040,-0.083545,-0.026550,-0.088041,-0.034587,0.097019,0.032974,0.100825,-0.060073,-0.162335,-0.091387,-0.012769,0.032004,-0.008275,-0.032803,0.042508,0.009245,0.018088,0.035687,0.004455,0.006102,-0.035667,-0.061207,-0.027000,-0.085054,-0.053835,-0.026938,-0.053796,0.021818,-0.037325,0.028133,-0.055144,-0.083970,-0.193847,-0.100351,0.102174,0.043366,-0.010370,0.012204,0.105067,0.001566,-0.032089,-0.021064,-0.003326,-0.068564,-0.052769,0.134536,0.191754,0.020077,-0.076124,-0.071115,-0.015672,-0.014649,0.011435,-0.027798,-0.025214,-0.059108,0.065192,-0.071337,-0.248990,-0.010413,-0.046539,0.058981,0.047947,-0.064712,0.005251,-0.029677,-0.014794,-0.085015,-0.013094,-0.120455,-0.005408,-0.020026,0.005537,-0.004406,-0.064642,-0.058937,0.015297,-0.002953,-0.080318,-0.098338,0.000415,-0.050974,0.030884,-0.043320,-0.018619,0.078620,0.101070,0.098874,0.020252,0.076006,-0.046845,0.010047,-0.025584,-0.029149,-0.031055,0.059539,0.309330,0.082032,-0.106123,-0.233874,-0.013143,0.005391,0.043491,0.080372,0.000769,-0.018960,0.077203,-0.040273,-0.008835,0.070750,0.098084,0.074845,-0.030080,-0.077390,-0.009147,0.039490,0.000756,-0.021457,-0.043109,0.086146,-0.077527,-0.016599,0.056494,-0.005536,0.013726,0.022963,-0.177731,0.068550,-0.009270,0.058217,-0.045016,0.081967,0.144385,0.048005,-0.017245,0.065699,0.072188,0.092889,0.109346,-0.020860,0.065352,0.156975,-0.016183,-0.124695,-0.011271,-0.017188,-0.115609,-0.011134,-0.038325,0.029640,0.022720,0.041400,0.044608,0.026421,-0.143778,0.007625,0.087464,-0.008645,0.070450,0.011092,0.101789,0.035315,0.070545,0.010522,-0.079700,0.015060,-0.024801,-0.010802,0.002891,-0.026259,0.026926,-0.027436,0.006409,0.056275,0.109224,0.054843,0.030198,0.006443,-0.023967,0.076809,-0.128361,0.017315,0.008586,0.061836,0.031138,0.051942,0.011079,-0.018081,-0.006649,0.081273,0.047165,0.085441,0.061347,0.094835,0.002789,0.009102,-0.036469,0.056791,0.078203,-0.017712,-0.006418,0.105526,0.037417,-0.002638,-0.189040,0.022166,0.014504,-0.101400,-0.048588,0.040625,-0.009472,0.019781,-0.049939,0.008884,-0.105442,-0.107258,-0.008450,-0.109914,0.062073,-0.104925,0.044117,0.069066,-0.041857,-0.055475,0.028740,0.023160,0.010172,0.062230,-0.089373,0.088220,0.048679,-0.009984,0.078853,-0.024073,-0.091770,0.174450,0.125510,0.002322,0.067150,-0.089781,-0.020858,0.020558,-0.039889,-0.021350,-0.042884,-0.041867,-0.006180,-0.028646,-0.004997,-0.007155,0.064579,-0.066413,-0.037292,-0.070109,0.003473,0.018162,-0.050150,-0.054811,0.108074,-0.072938,0.040072,-0.020519,-0.146932,-0.026947,0.058324,0.093821,-0.053706,0.026751,0.040108,-0.027201,-0.036586,0.020454,-0.055329,-0.082021,0.066878,-0.012296,0.054507,0.006244,-0.062877,0.018492,0.013735,-0.009430,-0.102504,-0.024980,0.128746,-0.059484,-0.036103,0.011707,-0.039564,0.031617,-0.011194,0.021627,-0.019568,-0.047746,0.082202,-0.038701,-0.021042,0.046207,0.033211,-0.051438,0.014116,-0.046396,-0.042135,0.004369,0.000106,-0.104757,0.064557,-0.022090,-0.048344,-0.017392,0.034140,0.382219,0.412851,0.184458,0.201541,0.163734,-0.010609,0.089462,-0.142599,0.001520,-0.134374,-0.092298,-0.094255,-0.003404,-0.128807,-0.021116,0.148350,-0.002035,-0.140184,-0.087750,0.045791,0.074634,-0.029416,-0.012591,-0.022570,-0.018854,-0.014451,-0.003649,0.002418,0.032078,-0.033480,-0.063304,-0.166477,-0.286681,-0.083652,0.029702,-0.050222,-0.035492,0.025149,-0.076212,0.052822,-0.109126,0.028966,0.012902,-0.108512,0.062844,0.056764,-0.088340,-0.081508,-0.114439,0.022909,-0.100936,-0.006633,-0.034995,0.096489,-0.018857,-0.054527,-0.062626,0.046884,-0.058921,-0.141915,0.002429,-0.172206,-0.019495,0.046638,-0.054705,-0.029057,0.021719,-0.100231,-0.066585,-0.003988,-0.020754,0.144329,-0.032958,0.034212,-0.108225,-0.058674,0.009491,-0.053978,0.010330,-0.108527,0.103603,0.105669,-0.014850,0.029622,-0.107673,-0.071893,-0.070530,-0.038827,-0.056705,-0.102155,0.032143,0.050729,-0.015047,-0.068066,-0.029551,-0.017090,-0.011251,-0.001359,-0.065390,0.009858,-0.004063,-0.070464,-0.020022,-0.029622,-0.020682,-0.129380,-0.048960,0.037158,-0.137746,-0.071693,0.076942,0.208655,-0.025242,-0.120018,-0.203636,0.115353,0.017656,0.089576,0.028825,0.041314,0.018984,0.015131,-0.072566,-0.040171,-0.017392,0.241970,0.134576,0.018895,-0.114527,0.090161,-0.107639,-0.069376,-0.033668,-0.020697,-0.024252,-0.099075,-0.016605,-0.055253,0.126756,0.024846,-0.129894,0.030062,-0.054529,-0.029258,0.055259,-0.028481,-0.107128,-0.046915,-0.009148,-0.013578,-0.022630,-0.077800,-0.118395,-0.250479,-0.189767,0.042750,0.044984,0.063524,0.123101,0.030462,0.103424,-0.007885,-0.022120,-0.065453,-0.060145,-0.134718,0.001794,0.273122,0.080725,-0.113253,-0.082063,-0.022205,-0.030275,-0.009566,-0.017333,0.027965,-0.053511,0.027188,0.017782,0.020550,0.000912,-0.003939,0.039727,0.010046,-0.062576,-0.012603,-0.047331,-0.012869,-0.051730,-0.263608,-0.053537,-0.059802,0.039259,0.077228,-0.000782,-0.010440,-0.097810,-0.035235,-0.015606,-0.007304,0.005408,-0.118797,0.010847,-0.017255,-0.010623,-0.006671,-0.040064,-0.001539,-0.021829,-0.035103,0.006714,-0.010068,-0.065763,-0.087895,-0.089118,0.047624,-0.227514,-0.159915,-0.028304,0.071750,0.162134,0.079097,-0.112161,0.015345,-0.010963,-0.031850,-0.055913,0.009404,0.006559,0.024625,-0.022505,-0.028643,-0.033456,-0.021999,-0.129686,0.085851,-0.025517,0.007740,0.094544,0.003876,-0.080901,-0.043570,-0.029654,-0.032005,0.011802,-0.069885,-0.069610,-0.066437,-0.173650,-0.058944,0.087559,-0.001263,-0.013791,0.065868,0.111617,-0.009174,0.031414,0.060232,-0.032967,-0.140417,-0.150189,-0.068820,0.158858,0.124515,-0.472564,-0.003353,0.016544,-0.026211,0.063661,0.072250,0.113145,0.055195,0.036945,0.021504,0.064334,-0.130340,-0.682071,-0.067727,-0.013430,-0.031183,-0.040214,0.000247,-0.001271,-0.216377,-0.074488,0.046218,-0.343312,-0.394964,-0.078022,-0.015546,-0.095691,0.029678,-0.025598,0.023300,-0.049333,-0.074781,-0.114500,-0.096552,-0.157689,-0.032193,0.029268,-0.213616,-0.016279,-0.103642,-0.086304,-0.113925,-0.097935,0.013323,-0.068929,0.010964,-0.056749,-0.023693,0.009122,-0.085532,-0.064478,0.042249,0.007823,-0.071457,0.086966,0.020658,-0.106671,-0.012917,-0.083623,-0.049512,0.065814,0.201880,0.046078,0.270553,0.268200,0.062669,-0.105330,-0.085602,-0.071581,0.010414,-0.068703,0.008591,0.010428,0.014015,0.006827,-0.016652,-0.087736,0.009943,0.177084,0.243362,0.121991,-0.030547,-0.004367,-0.006512,0.000151,0.091171,-0.009771,0.057362,0.023895,0.031279,0.006419,0.126123,0.096895,-0.075873,0.124710,0.053169,-0.021318,0.024092,0.071079,0.055428,0.034777,-0.000965,0.030500,0.001427,0.000780,-0.082249,-0.105528,0.032570,0.064976,-0.016963,-0.059530,0.020657,-0.026176,0.069888,0.027417,0.030142,0.140462,0.055076,-0.075961,-0.146325,0.105479,0.013992,-0.054826,0.075732,0.026586,-0.033882,0.029189,0.061987,0.101514,-0.031073,-0.027001,0.131081,0.001371,0.069240,-0.009640,0.025817,-0.043723,-0.027044,0.025706,0.081768,-0.040307,0.076639,0.060479,-0.037074,-0.070298,0.076060,0.004994,-0.031677,-0.024370,0.003215,-0.003727,0.091976,0.104054,0.073034,-0.008719,0.021309,-0.021368,0.017509,-0.020795,-0.118666,0.010176,-0.055364,-0.005627,-0.060835,0.009200,-0.004454,-0.069767,-0.104979,0.018674,0.009288,-0.006766,0.073409,0.084365,0.162571,0.061343,0.038840,-0.105747,0.030950,0.005778,-0.010834,-0.045839,-0.022901,-0.070539,-0.019360,-0.086870,-0.013393,0.047123,0.078519,-0.006276,-0.172389,0.010521,0.030177,-0.017802,0.089768,0.056218,0.005425,0.035873,-0.061710,-0.078762,0.041019,0.078509,0.039218,0.040126,-0.110881,-0.042224,-0.046297,-0.073411,0.027064,0.026474,-0.021311,-0.029243,-0.005815,0.056196,0.014660,0.167475,0.040243,0.000883,-0.072083,0.031340,-0.033054,-0.047976,-0.033482,0.024226,0.026694,-0.033901,-0.007811,-0.001359,0.022613,0.043165,0.019815,0.097317,-0.040245,0.058617,-0.020781,0.001716,0.006219,0.003961,-0.043229,-0.043067,0.114444,-0.005588,-0.030035,0.054302,-0.035577,-0.007763,-0.031051,-0.029300,-0.035633,-0.000621,0.138302,-0.102678,0.018330,-0.008662,-0.046047,-0.008101,-0.045022,0.082926,-0.088886,0.011455,0.040947,-0.008635,0.003272,-0.005672,-0.069599,-0.067165,-0.010931,-0.008007,-0.091081,0.013639,0.031253,0.076801,-0.062886,0.009427,-0.002088,-0.021116,-0.016095,0.008755,-0.136156,-0.088208,-0.111461,-0.025828,-0.233199,-0.183658,-0.009880,0.047153,-0.017666,-0.101440,0.074870,0.036030,-0.011343,0.047732,-0.059116,-0.205435,-0.002601,-0.027079,-0.052214,-0.202710,-0.178045,-0.009986,-0.054794,0.014048,0.014198,0.010517,-0.031356,0.044560,-0.016312,-0.030188,-0.085816,-0.046595,-0.154057,-0.139529,-0.194734,0.032267,-0.029035,-0.019527,0.075487,0.061039,0.033376,0.049425,0.036311,0.006544,-0.067673,-0.038181,-0.062423,0.007407,-0.046846,0.080107,0.018035,0.032857,-0.038147,-0.028813,-0.036657,0.022492,-0.029465,-0.081114,-0.017691,-0.067003,-0.031878,0.002661,-0.044323,-0.002716,0.081529,-0.108890,0.000007,-0.040212,0.054523,0.050533,-0.127755,0.068553,0.053857,0.020649,0.080209,0.019484,0.060580,-0.038979,0.049106,0.095585,-0.023752,0.051653,0.069228,-0.016688,-0.003024,0.015158,0.000693,0.082382,0.074377,-0.004640,0.038259,-0.060766,0.034437,0.021497,0.013789,-0.047422,0.036748,0.037615,0.077549,0.037388,0.118757,0.071155,0.131924,-0.012321,0.022828,0.034687,-0.031948,-0.027039,0.041750,-0.012901,-0.029949,0.133177,0.162615,0.093798,0.037870,0.001971,-0.007159,-0.033352,0.015636,0.058823,0.026501,-0.049088,-0.122681,0.044915,-0.009093,-0.072665,0.004305,-0.015959,0.065080,0.008032,0.055734,-0.026257,-0.009313,0.076294,-0.036329,-0.036247,0.002213,0.009856,0.014484,0.161773,0.120262,0.057700,0.022833,-0.086021,0.075296,0.006981,-0.049553,0.055626,0.001205,0.006524,0.043821,0.009329,0.243594,0.145541,-0.055875,-0.039372,0.058188,0.031279,-0.006114,-0.065535,0.040441,-0.105306,0.061238,-0.025024,-0.017261,-0.048061,-0.092362,-0.012545,0.072422,0.005279,0.072045,-0.045147,0.023302,0.075221,0.095920,0.035181,-0.068227,-0.106979,0.033523,0.037314,0.064837,0.079151,-0.019637,0.075829,-0.030117,0.060019,-0.003126,0.006462,0.209796,-0.053410,-0.101258,-0.009557,0.050113,0.001032,-0.018989,0.011985,-0.011965,0.061650,0.024979,-0.006419,-0.033598,0.018132,-0.009974,0.103223,0.072999,-0.006236,-0.012968,-0.057354,0.004725,0.076270,-0.022763,-0.006491,-0.003767,0.047696,0.005989,0.222523,0.347157,0.116419,0.125518,0.195801,0.240148,0.026738,-0.132473,-0.131931,-0.000215,-0.011350,-0.033638,-0.100334,-0.116026,-0.094493,0.026700,0.011455,0.135601,0.080300,0.067813,0.045139,-0.451458,0.033553,-0.034251,0.019107,-0.091846,-0.082998,0.056308,-0.022574,-0.010555,0.016906,0.018406,-0.048251,-0.229628,-0.097389,-0.127135,0.020872,0.123943,0.097719,-0.053122,-0.018383,0.082688,-0.025839,-0.113293,-0.173700,-0.246280,-0.218644,0.045709,-0.307353,-0.015973,-0.013541,-0.027103,0.087328,-0.030377,-0.073253,-0.048535,-0.067926,-0.103466,-0.027502,-0.188579,-0.422290,-0.009505,0.001932,-0.042645,-0.068447,0.037600,-0.033483,-0.181093,-0.135904,-0.001278,-0.135342,-0.619449,-0.016185,0.000569,0.136805,0.013039,0.004846,-0.053408,-0.016247,-0.073579,-0.117343,-0.393520,0.057194,0.111069,0.095944,-0.001115,0.067884,0.061679,-0.050512,-0.035851,-0.049943,0.070821,0.054307,0.082552,0.002538,0.034718,-0.049801,-0.010679,-0.084595,0.056238,0.051964,-0.014185,-0.029783,-0.017779,-0.051800,-0.064933,-0.022042,0.065853,0.088315,0.028056,-0.054645,0.002467,0.083144,0.192199,0.001699,0.051953,0.049422,-0.048929,-0.013027,0.004771,0.110638,-0.053290,0.009585,0.033889,-0.106772,-0.227238,-0.190894,-0.036042,-0.046885,0.057036,0.150665,0.005602,0.054039,0.082122,0.076435,0.029602,0.032522,0.082880,-0.128057,0.018270,-0.069618,0.135437,0.052586,0.174886,-0.070411,-0.093245,-0.052367,-0.013048,-0.053493,0.005392,-0.046446,0.053794,0.009872,0.082106,0.174018,0.065692,0.010859,0.012731,0.010044,0.023866,0.076686,0.040472,-0.021747,0.031043,0.029327,0.122983,-0.020662,-0.025850,0.136263,0.022617,0.138097,0.090198,0.098259,-0.003188,0.118215,-0.023454,0.064096,0.014397,-0.047822,0.037418,-0.046200,0.036461,0.102567,-0.027451,0.060671,0.075581,0.014448,0.005468,-0.046135,-0.026020,-0.002919,-0.025548,-0.071874,-0.019986,0.041574,0.022291,0.013887,0.037015,-0.081526,0.013768,0.032035,0.028521,-0.020292,-0.011234,0.005631,0.036784,0.055915,0.064891,0.066840,-0.017180,0.085731,0.005170,0.014424,0.043401,0.038572,0.117563,-0.002865,0.066641,-0.098364,-0.258929,-0.159887,-0.246869,-0.121433,-0.056292,0.045236,-0.030499,-0.013167,-0.004065,-0.081460,-0.063898,-0.073453,0.007437,0.012180,-0.081246,-0.118476,-0.215167,-0.494793,-0.217292,0.038644,0.009118,-0.044150,-0.077532,0.063103,-0.025540,-0.036948,0.033045,-0.042302,-0.068366,-0.102722,-0.289772,-0.268675,-0.246930,0.084998,-0.011849,-0.077743,-0.077811,-0.003104,0.032484,-0.042531,0.037545,-0.080018,-0.056003,-0.211483,-0.127179,-0.066374,0.127111,0.024926,-0.008876,0.031631,-0.025109,0.036186,0.074099,-0.003322,-0.145813,-0.051395,-0.010718,0.087052,0.055004,-0.037909,0.004881,0.040820,-0.021061,-0.013670,-0.014150,-0.003771,-0.049849,0.023280,0.080177,0.015891,-0.048404,0.027061,0.022286,-0.006594,0.012583,0.017648,-0.071935,0.045873,0.015919,-0.019737,-0.011945,0.046856,-0.001223,-0.022268,-0.048796,-0.022082,-0.087205,-0.007070,-0.033115,0.020699,-0.107861,-0.064248,0.032888,-0.112322,-0.062928,-0.028836,0.022841,-0.055130,-0.015042,-0.022209,0.015885,0.064747,0.058710,-0.033197,-0.087820,0.040481,0.254331,0.074134,-0.399157,-0.127402,-0.125207,-0.248055,-0.065040,0.047100,-0.060936,-0.057343,-0.039067,0.092775,0.139148,-0.012615,-0.001013,0.328956,0.327455,0.185101,0.176650,-0.166289,-0.379735,-0.101936,-0.036399,-0.048752,-0.043534,0.054901,0.089668,0.034593,-0.084243,0.006504,0.175248,0.324841,0.147572,-0.155729,-0.352036,-0.065182,-0.034403,-0.052397,0.196026,0.052863,0.071563,0.055064,0.118679,-0.007689,0.140296,0.158232,-0.003978,-0.032208,-0.038502,-0.079445,0.094030,-0.030071,0.042273,0.045529,-0.029659,0.018759,0.114892,0.387015,-0.099993,-0.190898,-0.124347,-0.063533,-0.052574,0.028776,0.029088,0.129192,0.154222,0.044202,0.089295,-0.255459,-0.273596,-0.022130,-0.013432,0.033202,0.062191,0.012250,0.022391,-0.038980,0.183675,-0.045152,-0.078594,0.095166,-0.105693,0.013319,-0.077446,0.038083,-0.007190,0.066459,0.113953,0.246347,0.052968,0.126099,0.046900,-0.043733,-0.000895,-0.019455,-0.005038,0.040229,0.344674,0.207379,0.261014,0.187601,0.168787,0.079731,0.135655,0.180691,0.057502,0.067035,-0.189055,-0.342656,-0.048118,0.091644,0.046466,0.119164,0.020188,-0.018902,0.061772,-0.057298,0.018147,-0.049621,-0.049268,-0.057584,0.080522,-0.048605,-0.194914,-0.064981,0.151624,0.044815,-0.211662,-0.023812,0.049459,-0.072165,-0.025241,-0.066972,-0.002751,-0.037461,-0.032109,-0.047770,0.097604,0.109414,0.088191,-0.061877,0.048199,-0.048977,-0.100054,-0.096277,-0.016095,-0.148917,-0.022392,-0.114427,-0.018124,0.028019,0.124749,0.010721,0.011044,0.160563,-0.106821,0.030436,-0.038279,-0.061411,0.031055,-0.080572,0.007797,-0.053448,-0.000374,-0.171532,0.041113,0.162314,0.080102,-0.009219,-0.025021,-0.033116,0.081279,0.021536,-0.019132,-0.114353,-0.000438,0.053503,0.082147,-0.068192,-0.070330,-0.043074,0.004118,-0.030036,-0.003081,-0.056727,-0.141879,0.063229,-0.040810,0.004523,-0.155899,0.013514,-0.061383,-0.041320,0.027531,-0.081916,-0.036285,-0.003821,-0.050677,-0.009840,-0.109763,0.020256,-0.045584,0.015876,-0.027991,-0.036736,-0.110426,-0.072345,0.017838,0.020652,-0.025040,-0.072100,-0.014192,-0.020815,0.003044,-0.048335,0.035558,0.089522,-0.026383,0.052277,0.229903,0.095625,-0.026147,-0.089536,0.014833,0.020996,0.108119,-0.022695,0.037139,0.073713,0.082372,0.097029,-0.139649,-0.088644,0.146325,0.138808,0.008643,0.008492,0.004511,-0.053676,0.006987,-0.006750,-0.028261,-0.029068,-0.082772,-0.086280,-0.130224,-0.186353,0.006664,0.053776,-0.023759,0.045525,-0.029348,0.077846,0.070050,0.029210,-0.013405,0.039337,0.068429,-0.076540,0.002165,-0.047675,0.010703,0.023514,-0.046707,0.040628,0.033418,0.052297,0.052391,0.027031,0.037259,0.048622,-0.002930,0.152220,0.178706,-0.068894,0.085062,-0.028791,0.012819,-0.028855,0.041335,0.015093,0.091235,0.035660,0.117435,-0.066700,-0.064864,-0.002408,-0.029386,0.084030,0.068264,0.087198,-0.015654,0.028914,0.070427,-0.020823,-0.153196,-0.051042,0.005210,0.041774,-0.045089,-0.033060,0.030455,-0.109270,0.073870,0.038742,-0.047094,0.061023,-0.008469,-0.006872,0.020736,0.006989,0.099133,0.028771,0.138615,0.045327,-0.056404,-0.009434,0.002520,0.034716,0.013750,-0.012608,0.076123,-0.033049,-0.322751,-0.097180,0.069143,-0.036335,-0.059167,0.085933,0.020995,-0.058227,0.006209,-0.066977,-0.007862,0.038618,-0.062423,-0.040705,-0.029797,-0.140645,-0.220613,-0.160405,0.126614,0.133288,0.324555,0.004479,-0.029118,-0.048082,-0.096606,0.009802,0.010129,-0.077761,-0.048705,-0.015759,-0.300249,-0.274075,0.022223,0.069079,0.145935,0.026603,0.015601,0.025730,-0.167923,-0.011481,0.018532,-0.031291,-0.084297,-0.021197,-0.126737,-0.257383,-0.019976,0.190703,-0.036830,-0.032328,-0.092268,-0.105815,-0.072337,-0.019467,-0.077909,0.024145,-0.077349,-0.107496,0.045093,0.161664,0.220220,-0.019941,-0.001154,-0.048044,0.034844,-0.169873,-0.103579,0.005869,-0.146123,0.056862,0.412583,-0.063474,0.026112,0.091791,0.092253,0.161782,-0.006538,-0.079646,-0.207614,0.046682,0.329938,-0.077062,0.011491,-0.112525,-0.042635,-0.091773,-0.084572,-0.067046,-0.069731,-0.025698,0.007362,0.040337,-0.002838,-0.035410,-0.026393,0.047894,0.009455,-0.056853,-0.309431,-0.305109,-0.216635,-0.178737,-0.201001,-0.167017,-0.176225,-0.276742,0.029280,-0.005995,0.142355,0.105379,-0.128274,-0.138435,-0.144058,-0.129935,0.006756,-0.023805,0.042986,-0.052475,0.047427,0.049437,0.048815,0.007872,-0.024048,0.060321,-0.002108,-0.080034,0.045605,0.008977,-0.275698,0.090361,0.068970,-0.053055,0.017708,0.007949,-0.069886,-0.037940,-0.001501,-0.004564,-0.030251,-0.014538,-0.033777,0.034140,-0.033165,-0.037683,0.025697,0.014363,0.129172,0.063533,-0.033817,0.014636,0.044860,0.027503,0.012637,-0.039341,0.023799,0.044992,-0.009844,0.015818,0.000162,-0.034949,0.010668,0.079317,0.024482,-0.002109,0.029678,-0.072249,-0.087290,0.004464,0.014919,0.018169,-0.053765,-0.048271,0.058781,0.003051,-0.004321,0.035725,0.011083,-0.074503,0.074953,0.014242,0.068815,-0.029060,0.018418,0.102343,-0.052820,0.037510,0.024965,0.045221,0.082305,0.082736,0.003287,-0.069507,0.008500,0.011389,0.013814,-0.025550,-0.058192,0.040116,0.051241,0.016578,-0.011925,-0.027233,0.083236,0.038542,0.093703,-0.018645,-0.012962,-0.048158,0.022097,0.019421,0.043999,-0.001434,0.004819,0.000042,0.009554,0.002296,-0.171985,0.056671,0.040729,0.044315,-0.224471,-0.329796,0.025429,-0.019693,0.107786,-0.008815,0.097049,-0.030184,-0.088910,0.028717,0.044837,-0.135181,0.093650,0.342068,0.000820,-0.061945,-0.072255,0.100059,0.048203,-0.070847,-0.030350,0.067777,-0.065872,-0.048951,0.065626,0.066746,0.007245,0.109671,-0.047936,0.060955,0.320686,-0.026294,-0.024287,-0.003446,0.000478,0.007775,0.012409,-0.022233,0.077251,0.072248,-0.143893,-0.297031,-0.185888,0.187299,0.020270,0.048862,0.041992,-0.021073,0.043602,0.023742,0.052954,0.112462,-0.032830,-0.164569,-0.233853,-0.129507,0.056621,0.044211,0.019346,0.015204,-0.018528,0.051535,0.094461,0.100396,-0.022385,0.067086,-0.140255,-0.028983,-0.040678,0.031545,0.087310,0.016553,-0.008885,0.071573,0.057283,0.081621,-0.053863,0.065381,0.056802,0.071967,0.076338,0.088253,-0.012861,0.023000,0.070279,0.071098,0.091720,0.044566,0.036904,-0.000719,0.041238,0.071872,0.025071,0.022717,0.011436,0.087877,-0.010666,-0.076785,0.022366,0.090225,-0.042650,0.051267,0.101179,0.098470,0.502816,0.258935,-0.105624,-0.220653,-0.139954,0.057827,0.014657,0.021821,-0.102019,-0.000490,-0.073383,-0.071464,-0.001009,0.045274,0.022934,0.138133,0.087963,0.106188,0.072184,-0.028546,-0.213627,0.002728,0.054875,-0.009168,-0.089057,-0.062824,-0.136104,0.082193,-0.046137,0.064211,-0.013565,0.082099,0.128659,0.241773,-0.200108,-0.047683,0.044383,0.054610,0.056046,-0.029163,-0.017381,0.103728,0.012879,0.095829,-0.149874,0.363706,0.372307,-0.083129,-0.021450,-0.025823,-0.024163,0.071604,0.081082,-0.095625,0.087940,0.036699,-0.038985,0.332218,0.191316,-0.147052,-0.087605,0.060212,0.000222,0.028086,-0.021013,0.045886,0.078446,0.075602,0.050053,-0.038071,-0.390095,0.164292,0.045108,0.022761,0.092908,0.143385,0.006854,0.040890,0.135087,-0.083359,-0.329399,0.169243,0.061279,-0.009573,-0.042320,0.025792,0.018337,0.047039,0.109430,-0.011852,-0.074542,-0.006088,0.041222,-0.099383,-0.082102,-0.003645,-0.052886,0.008399,0.157492,0.122727,0.189895,0.097102,0.072322,0.017364,0.000730,0.067400,-0.031771,-0.034564,0.121707,-0.151073,-0.083426,0.284721,0.125836,-0.308505,0.043095,-0.032125,-0.046123,-0.058931,0.009208,0.024465,0.008817,0.103867,-0.044206,0.111506,-0.024163,0.309095,0.205987,-0.028723,-0.566483,-0.000812,0.044894,-0.098950,0.065406,0.070116,0.000756,0.050106,0.137224,-0.108857,0.026561,0.388851,0.202001,-0.190555,-0.132588,-0.048783,-0.008550,0.004906,0.050917,-0.021535,-0.000229,0.057064,0.091814,0.009650,0.052955,-0.012335,-0.229742,0.129698,0.092378,-0.009224,-0.055853,-0.114423,0.099585,0.027564,-0.067599,0.190327,-0.150100,-0.115728,-0.443113,-0.116992,0.036246,0.035756,0.070244,0.002221,0.081485,-0.098059,0.125563,0.020653,0.059701,-0.457078,-0.348435,0.010018,0.011877,0.029764,-0.028161,0.117262,0.121420,0.067238,0.011907,0.051126,-0.012275,0.056357,-0.103228,0.048651,-0.072706,-0.045339,0.017036,0.080151,-0.007675,0.062912,0.057654,0.179272,0.223348,0.047880,0.064682,0.094305,0.109084,0.112832,0.161164,0.093645,0.133258,-0.009995,0.083100,0.079417,0.027774,0.141746,0.151432,0.008396,0.037032,0.201114,0.291875,0.207789,0.008585,0.010375,-0.053231,-0.038488,0.021502,-0.088933,-0.022392,0.090087,0.049421,-0.062537,0.045758,0.078193,0.097791,0.214596,0.058174,-0.062047,0.036778,-0.115895,-0.013553,0.000583,-0.092305,-0.077607,-0.104211,-0.057766,-0.024181,0.068416,-0.001284,-0.095728,-0.059889,-0.121413,-0.003289,-0.002828,0.108365,0.078571,0.087047,0.033464,0.021538,-0.070228,0.016978,0.001441,0.080039,-0.024107,0.056442,0.032473,0.013597,-0.002328,-0.027327,0.035025,-0.015291,0.084234,-0.009532,0.205219,0.023024,-0.086435,-0.021468,0.177434,-0.063420,0.054897,0.013981,-0.084663,0.033124,-0.024790,0.049285,0.027710,0.004669,0.090491,0.139124,-0.012361,-0.147773,-0.027165,-0.057904,-0.052188,0.046956,0.019889,0.133072,0.124245,0.091875,0.090638,0.022228,0.121112,0.107848,0.044765,0.037305,-0.031922,0.103619,0.050852,0.014581,0.058223,0.074797,-0.014302,0.008180,0.037531,0.017273,0.076595,-0.026937,-0.076106,-0.055470,0.037149,0.019693,0.058474,0.044220,-0.058960,-0.044920,-0.209186,-0.338208,-0.204048,0.035157,0.191520,0.178105,-0.088475,0.036761,-0.083693,0.069350,-0.029700,0.021848,0.145950,-0.071432,-0.094073,-0.070678,0.115869,0.271942,0.063191,0.012525,-0.016355,0.120119,-0.142933,-0.139273,-0.152405,-0.108236,0.039009,-0.005297,-0.066816,-0.041767,0.141699,0.253838,-0.046193,-0.390014,-0.193095,0.244148,-0.015409,-0.040204,-0.016931,-0.022292,-0.040521,-0.003950,-0.021099,-0.055841,0.041292,-0.160506,-0.153599,0.106901,-0.051674,-0.011529,0.064906,0.038384,-0.089838,-0.035110,-0.002102,-0.043927,-0.094540,0.038724,0.196587,0.188917,-0.247155,-0.010656,0.009660,-0.063714,-0.054639,-0.051540,0.024171,-0.004823,0.017331,0.045759,-0.130392,-0.163151,0.049488,-0.053296,0.119726,0.015951,0.021052,0.004216,-0.091594,-0.195947,-0.032729,-0.051376,-0.083932,0.000315,-0.014558,0.037930,-0.068405,-0.003934,-0.084281,0.021268,0.033687,-0.115344,-0.109424,0.036490,0.021283,-0.014607,-0.022091,-0.040546,-0.097246,0.046186,-0.007072,-0.006240,-0.037075,0.042544,0.030791,-0.107565,-0.037869,0.010702,0.110694,-0.104333,-0.052466,0.132870,0.123493,0.319289,0.472977,-0.047743,-0.070090,0.009212,0.019991,-0.027356,0.013410,0.016215,-0.012068,0.056218,-0.144057,-0.039361,-0.022477,0.239148,0.269861,0.414334,-0.054748,-0.047790,-0.112455,-0.069204,-0.005614,-0.068846,-0.031882,0.041672,-0.208302,0.069983,-0.086606,0.220732,0.476020,0.043184,-0.151470,-0.008269,-0.004161,-0.083018,0.084291,0.085542,0.101372,0.058296,0.060989,-0.004010,0.128297,0.053239,0.215967,0.033360,0.035631,0.099636,-0.000601,0.078371,-0.009530,-0.099903,0.071766,0.081937,0.017491,0.189443,0.133588,0.030663,-0.008696,0.053729,-0.064307,0.001674,0.069435,0.038422,0.019491,0.227664,0.171755,0.235210,0.001070,0.037463,-0.004101,0.028145,-0.013064,-0.065490,-0.010803,0.112983,0.064527,0.110475,-0.101825,-0.034712,-0.046900,0.010370,-0.074334,-0.063508,-0.022537,0.085581,-0.021437,-0.044985,-0.005138,0.011227,-0.113740,-0.052365,-0.007112,-0.091750,0.010343,0.068428,0.077445,0.049528,0.009685,-0.052936,0.061541,0.066123,-0.004561,-0.014506,0.070028,0.221286,0.218672,0.004198,-0.244848,-0.020526,-0.130776,-0.105687,0.026008,0.007632,-0.049918,-0.071229,0.010091,-0.044595,-0.087612,0.105416,0.026303,0.053583,0.133607,0.106706,0.042047,-0.079943,-0.079474,-0.026240,-0.094046,-0.090316,-0.107149,-0.089472,-0.036921,-0.035569,0.025567,0.183121,0.125575,0.009578,0.010207,-0.019067,0.048240,-0.016682,-0.006809,-0.053918,0.057448,-0.021672,-0.025334,-0.115537,-0.067697,0.010919,-0.030694,0.002776,-0.234061,-0.000984,-0.004929,-0.041312,0.032341,0.052823,0.079885,-0.013325,-0.128000,-0.038401,0.021178,-0.391344,-0.156725,-0.090178,-0.036815,0.040586,-0.080901,-0.029754,0.007141,-0.073229,-0.023763,0.018769,-0.093713,-0.130456,0.012564,-0.072714,-0.034959,-0.011513,0.034717,-0.061637,-0.112043,0.010434,-0.007430,-0.128674,0.001872,-0.037355,0.025693,-0.064583,0.017268,0.017539,0.015852,0.047372,0.006788,0.077783,0.047322,-0.122033,0.048411,0.013282,-0.079201,-0.099092,-0.069864,0.100153,-0.021646,0.017907,0.010615,0.038662,-0.049118,0.026362,0.007412,0.074784,0.129727,-0.108913,0.008069,-0.088720,-0.162705,-0.099738,-0.302826,0.144707,0.009278,0.082033,0.033959,0.005151,0.047378,0.001789,0.070035,0.086153,-0.256872,-0.319896,-0.089272,-0.101637,-0.101146,-0.163318,0.101608,0.065001,0.148791,0.071825,0.130042,0.086075,0.103916,0.135620,-0.088074,0.052090,0.081143,0.140620,0.094403,-0.013030,-0.031890,-0.009225,-0.081818,-0.028009,0.057472,0.020128,0.008403,-0.020312,0.098735,0.237207,0.236826,-0.073930,-0.241873,-0.063249,-0.020427,0.027093,0.099042,0.119453,-0.019401,0.000245,0.067839,-0.041654,0.031380,0.206883,-0.006398,0.058917,0.039948,0.046176,0.013491,-0.030789,0.123825,0.007070,-0.027324,0.016793,0.269825,0.148647,-0.071145,-0.074204,-0.016316,-0.004706,0.043468,-0.024832,0.038804,0.072381,0.147357,-0.060031,-0.046556,0.079917,0.017595,-0.052387,0.072714,0.063112,0.062424,0.040280,-0.025584,0.124494,-0.020868,-0.003756,0.050030,0.115600,0.020759,-0.003898,0.081388,0.027877,-0.027276,0.027968,0.012759,-0.088675,0.042735,0.026881,0.048511,0.088336,0.210589,0.035674,0.000085,0.348017,0.089247,0.119444,-0.154825,-0.057372,-0.064221,0.056134,-0.010083,-0.028784,0.082123,0.044941,0.035961,-0.013606,-0.154383,-0.030650,-0.269910,0.129865,0.105496,-0.141535,0.032893,0.052801,0.084802,0.038257,-0.005971,0.039576,-0.009196,-0.055699,-0.016611,-0.086868,-0.412181,0.067017,0.162187,-0.030982,-0.026397,-0.047496,-0.108868,-0.010932,-0.060450,-0.059853,-0.136463,-0.151348,-0.074758,-0.301098,0.013177,0.081505,0.064275,-0.035541,0.013071,0.034145,-0.065160,0.002856,0.042122,-0.161197,-0.099338,-0.183261,0.122417,0.696287,-0.084542,0.014215,-0.028296,0.001540,-0.053200,0.045785,-0.098698,-0.181239,-0.051873,0.073928,0.209726,-0.120809,-0.035764,-0.014198,0.005549,-0.079786,-0.058539,-0.104024,-0.056951,-0.132491,-0.125822,-0.389168,-0.034559,0.013368,0.000606,0.109353,-0.022803,0.033300,0.109906,0.044167,0.008782,-0.211929,-0.129267,-0.204061,-0.076324,-0.077535,-0.098648,-0.139136,-0.224258,-0.076846,0.037245,0.079320,0.025869,0.013460,-0.127371,0.062695,-0.090805,0.011199,0.209210,0.159703,0.111307,-0.092843,-0.170905,-0.412074,-0.181075,0.056301,0.042131,0.015622,-0.054235,-0.041816,0.056041,0.002566,0.020176,-0.028978,0.037399,-0.053033,0.206026,0.075360,-0.330386,-0.533088,0.002649,0.112000,-0.027943,0.020196,0.031502,0.013722,-0.012227,-0.043118,-0.014536,0.094842,0.120496,0.072855,-0.053817,-0.228902,-0.098261,0.022790,0.077244,0.137191,-0.002822,0.093895,-0.090535,-0.049997,-0.053723,-0.046180,0.292508,0.240779,0.192902,-0.089090,0.006485,0.064756,-0.133103,-0.010121,-0.001311,0.019271,-0.088278,-0.018736,0.008675,0.347151,0.179957,-0.081488,-0.099728,0.014308,0.006769,-0.017267,0.032470,-0.125701,-0.100378,0.008950,0.091226,0.000537,-0.111930,-0.134328,-0.004802,-0.030274,-0.062622,-0.076558,-0.147957,-0.094838,-0.102688,-0.034885,-0.113918,-0.053500,-0.015245,-0.084810,0.003405,-0.065502,0.024217,-0.067711,-0.052912,-0.063196,0.037763,0.012475,0.036480,-0.095500,0.023612,-0.015765,0.042100,0.065161,0.011281,-0.027260,0.049081,-0.006341,0.044788,-0.005707,-0.127916
WEIGHTS1=0.103509,-0.073032,0.132348,-0.019601,-0.051319,-0.048577,0.036724,-0.120651,-0.073406,-0.220051,0.078973,-0.164283,0.068973,-0.186372,-0.043428,0.042942,-0.080900,0.077718,-0.076378,-0.118017,-0.145449,-0.087498,0.081511,0.393742,-0.169652,-0.147205,-0.032469,-0.095353,0.139079,0.029973,-0.178618,0.055724,0.041750,-0.172039,-0.153395,-0.402876,0.038909,-0.186052,0.075831,0.039390,0.174261,-0.324439,0.055846,-0.010872,0.030374,-0.100366,-0.147528,-0.086092,0.016502,-0.050262,-0.065237,-0.083443,0.049930,0.070040,-0.023151,-0.066772,0.035402,-0.062417,0.268007,0.099197,-0.207795,-0.077206,0.145132,0.332775,-0.096170,0.008778,0.033197,-0.000674,-0.004274,-0.059388,0.259910,0.020380,0.037116,-0.214301,-0.075584,-0.114210,-0.031731,-0.095570,0.048671,-0.177617,-0.185497,0.078863,-0.140945,0.193057,0.021558,-0.073344,0.139961,0.104540,0.075700,0.092074,0.029642,0.013277,-0.075421,0.162237,0.025829,0.150158,-0.124065,-0.092167,-0.059383,-0.001012,-0.012253,0.072147,0.039810,-0.101505,-0.057019,0.012387,0.027902,-0.119876,0.007580,0.001899,-0.031404,-0.004767,0.020100,-0.130651,-0.083693,0.146818,-0.056486,-0.038515,0.153116,-0.096550,-0.004899,0.002121,0.153179,0.128521,-0.017117,-0.224986,-0.134465,-0.012094,-0.030706,-0.164335,-0.010275,0.055878,-0.005521,0.368431,-0.071609,-0.048200,0.079000,0.109702,0.044296,0.081641,-0.147489,0.059693,0.227337,0.041478,-0.021885,0.169279,0.064103,-0.194954,-0.062885,0.122998,0.374574,-0.091144,-0.002462,0.038340,0.108552,-0.246306,0.024050,-0.204892,-0.065152,-0.004722,0.004776,-0.047182,0.017031,0.369398,-0.150609,0.106989,0.143494,-0.009469,0.158745,0.127450,0.048770,-0.070876,-0.068510,0.153639,0.147992,-0.041446,-0.142554,0.326688,0.111082,-0.191601,-0.230306,0.043583,0.070118,0.289145,0.261631,-0.062338,-0.251869,-0.055495,-0.001444,-0.263917,-0.205004,0.006297,0.053874,-0.186813,-0.066121,0.026228,0.041620,0.018834,-0.122725,0.002332,-0.179568,0.004541,0.061825,-0.117787,0.031714,-0.122851,0.107189,0.058269,0.045675,0.030204,0.085108,-0.104551,0.130312,0.137209,-0.181550,0.010479,0.121918,0.013497,-0.133247,0.221966,0.056900,-0.113839,-0.141996,0.086774,-0.033740,0.000585,0.120371,0.128826,-0.077050,-0.035500,0.036486,-0.004920,0.075498,-0.068817,0.024328,0.027329,0.068802,0.015299,0.191297,-0.035918,-0.103766,-0.135300,0.185806,-0.047884,0.046053,-0.142729,-0.132490,-0.232169,-0.032736,0.057987,0.026630,0.207019,-0.223277,0.115905,-0.038436,0.100276,-0.036431,-0.050005,-0.001982,-0.063386,-0.084470,-0.018314,0.003999,0.056891,-0.077812,0.105652,-0.017395,-0.013128,-0.103222,0.021075,0.042805,0.080943,0.035602,0.059053,-0.005105,0.022139,-0.019481,0.109055,0.017086,-0.054944,-0.018022,0.003332,0.105366,-0.137497,-0.075257,-0.015830,0.166894,-0.123087,-0.083136,0.051023,-0.038531,-0.034172,0.033148,-0.034533,-0.131008,-0.022476,-0.055425,0.035452,0.104918,-0.103099,-0.067959,0.023832,0.160070,-0.055869,0.127308,0.204199,0.066493,0.070686,-0.123286,0.026791,0.031003,0.076424,0.065957,-0.039217,-0.018872,-0.038757,-0.008656,0.091441,-0.050379,-0.062175,-0.146025,0.334294,0.173054,-0.080346,-0.116536,-0.519680,-0.227341,-0.024300,-0.210093,0.174483,0.078376,0.004936,0.146429,0.426423,0.357258,-0.098644,0.004402,-0.058939,-0.109441,-0.226194,0.308643,-0.175122,-0.229070,-0.137624,0.136004,0.223343,-0.244973,0.059897,-0.248577,-0.166602,-0.076397,0.114254,-0.128789,0.028539,0.215822,0.035893,-0.207663,-0.022785,-0.071191,-0.067706,-0.157486,0.241403,0.013410,0.000729,-0.141891,-0.082452,-0.027045,0.141932,0.029411,0.159757,0.012057,0.075624,0.041503,0.036812,-0.167354,0.030590,-0.478438,-0.140238,-0.165346,-0.302741,-0.161344,0.114415,-0.116754,-0.217695,0.127221,-0.048948,-0.096048,0.163378,-0.013711,0.029265,-0.265999,0.057292,0.038205,-0.033536,-0.101329,-0.010832,-0.137048,0.030400,0.141295,-0.036470,0.122002,-0.016796,0.267836,-0.158985,0.153298,0.014779,-0.063391,-0.343083,-0.003678,0.143451,-0.029940,-0.107179,-0.033775,-0.099204,-0.075341,-0.045997,0.091729,0.058786,0.080305,0.117141,0.032498,0.124411,0.061346,-0.143863,-0.022584,-0.000106,-0.141051,-0.108004,0.006799,-0.001585,-0.039871,-0.133902,0.025672,0.106329,0.181629,-0.250798,-0.092095,0.007631,-0.137564,0.081843,-0.003830,-0.072314,-0.161664,-0.030505,0.104312,0.161737,-0.166281,0.021465,0.001149,0.102034,-0.154230,-0.052545,-0.052195,-0.065750,-0.174568,0.014007,0.001175,-0.037416,-0.024729,0.169283,-0.160705,0.106020,0.200435,-0.132904,0.171092,0.074352,0.065952,-0.191151,0.179150,-0.080125,0.363327,-0.128624,0.089711,-0.034184,0.141194,0.024376,0.042416,-0.155278,-0.017288,-0.215916,0.079361,0.169231,0.164546,0.274297,-0.070014,0.184173,0.035219,0.096861,0.073162,0.192009,-0.236898,0.158131,-0.019347,-0.036257,0.005609,-0.072893,0.060528,0.180131,-0.012975,-0.082429,-0.075834,0.039770,-0.016647,0.107654,-0.051659,0.069109,-0.180574,0.157750,0.102845,0.117289,0.041151,0.107070,0.000147,0.041139,-0.054450,0.018633,-0.051521,-0.187363,-0.079390,0.112437,0.029435,-0.025344,0.250862,-0.169596,0.135790,0.093160,0.172884,0.140634,-0.131405,-0.088056,-0.140751,0.108155,0.055502,-0.189991,0.050037,0.203234,0.063355,-0.149849,0.107545,0.264053,-0.052862,0.064996,-0.227709,-0.004451,0.089032,-0.050959,0.089611,-0.067050,-0.009274,-0.003002,-0.129436,0.018148,0.061430,-0.087109,-0.188754,0.047583,0.002914,-0.041400,-0.116717,-0.078431,0.126579,-0.174571,0.024410,-0.070516,0.117285,0.167059,-0.232842,-0.150640,-0.190420,0.044059,0.078788,0.109736,-0.003086,0.292305,0.209507,0.161203,-0.086600,-0.016949,0.068679,-0.042596,-0.082470,0.190676,0.200455,-0.074932,0.143199,-0.032514,-0.224912,-0.031645,-0.147855,0.156645,0.162258,0.058285,0.176603,-0.151277,-0.046757,-0.149550,-0.135439,-0.161379,0.431905,-0.243696,0.086499,0.024601,0.292942,-0.038533,0.031583,0.057822,0.155808,-0.059204,-0.017266,0.108063,0.140734,0.017076,-0.105895,0.189183,-0.130279,0.210682,0.029519,0.263005,-0.056973,-0.043688,0.134141,-0.142838,0.051063,0.001019,0.182174,0.427477,-0.266989,-0.006187,0.008872,-0.068412,0.091963,0.356007,0.105434,0.060886,-0.112900,-0.066392,-0.062047,0.040518,-0.046901,0.016626,0.004844,0.040428,0.069085,0.068827,0.051468,-0.058636,-0.079139,-0.022252,-0.113594,-0.021813,-0.063880,-0.005074,0.082095,0.051040,0.025978,-0.155909,0.061264,0.067153,-0.038023,-0.010696,0.023295,-0.083173,-0.104131,-0.113062,0.169155,-0.001722,-0.012709,0.082360,-0.111912,-0.123380,0.107416,-0.097271,-0.026783,-0.025137,0.097056,-0.023360,-0.001756,-0.041293,-0.003322,0.024696,-0.018814,0.138304,-0.045869,-0.116420,0.097195,-0.102605,0.084026,-0.080241,-0.034676,0.044346,-0.043425,0.021952,-0.026907,-0.017415,-0.009538,-0.050152,0.032013,-0.005705,0.024814,-0.161941,0.042169,-0.049546,-0.042981,-0.020840,0.165033,-0.234640,-0.148154,0.007045,-0.029256,0.388755,0.252286,-0.221380,0.189559,-0.107155,-0.148386,0.066192,-0.067896,-0.327685,0.009966,-0.015419,0.073917,-0.024520,0.187739,0.046382,-0.037513,0.313605,-0.015454,0.122669,-0.044228,0.029303,-0.087971,-0.268693,0.333072,0.105581,0.042961,-0.079605,-0.086132,0.021469,-0.084255,0.014569,0.028563,-0.104596,0.142779,0.144659,-0.104234,-0.222042,0.100676,-0.097193,-0.012705,-0.044995,0.060802,-0.161078,-0.157787,0.132020,-0.083159,-0.164574,-0.142243,-0.097862,0.400390,-0.054785,0.386721,0.072257,0.292414,-0.020837,-0.051771,-0.406910,-0.258010,0.090396,-0.102814,-0.060408,-0.006871,-0.023294,-0.062828,-0.119811,-0.013645,0.009139,-0.203550,0.087745,0.014648,0.048416,0.035262,0.035098,-0.005286,-0.050452,0.114368,-0.155551,0.108483,0.121057,-0.039180,0.038088,-0.109799,0.049184,0.078934,-0.094213,-0.017381,0.007505,-0.155596,0.008225,-0.094081,-0.048114,0.042459,-0.059114,-0.025962,0.040704,-0.011624,-0.092634,0.007310,-0.067079,-0.008991,0.064709,-0.004720,-0.036742,-0.088879,-0.120199,-0.031631,0.036150,-0.085009,0.006091,0.086590,0.066619,0.035182,-0.005913,0.036023,-0.066761,-0.056231,-0.069452,-0.050874,-0.000018,0.056449,0.062902,-0.091184,-0.195731,0.051963,-0.044600,0.102349,0.027326,-0.049425,-0.094289,-0.035705,0.134971,-0.061126,-0.140299,-0.148180,-0.034338,0.012296,-0.089315,-0.132392,0.019896,-0.240664,0.008375,-0.088724,0.018254,-0.102776,0.085863,0.053673,0.190768,-0.122863,0.004484,-0.059003,-0.119496,-0.000020,0.229426,0.073369,-0.070733,0.063699,-0.135136,-0.037806,-0.208531,-0.019033,0.026892,-0.073984,-0.043469,0.052651,-0.148495,0.149815,-0.071100,0.054565,-0.068579,0.125521,-0.102986,0.132965,-0.079300,-0.019703,0.070139,-0.057541,-0.065495,0.045005,-0.017476,0.083051,-0.052144,0.180510,0.018586,-0.065419,-0.144258,0.013433,0.001358,0.098310,0.046277,0.106110,0.001517,0.144889,0.063686,0.113869,0.109303,0.128177,-0.009331,-0.024912,-0.052795,-0.095172,0.093803,-0.033771,-0.107348,0.064481,-0.060084,-0.004943,-0.003510,-0.072427,0.002420,-0.147245,0.120171,-0.037201,-0.059742,0.084316,0.011948,0.035750,-0.048337,-0.026367,-0.057146,-0.066345,-0.140305,-0.087701,-0.115963,-0.012812,-0.018035,0.008313,-0.043907,0.023355,0.015522,0.045113,-0.175335,0.056275,0.032419,-0.102232,-0.095853,-0.005350,-0.079290,-0.114287,0.090788,0.081588,-0.091026,0.029183,0.126510,-0.086736,0.038535,0.157337,0.264863,0.039867,0.073228,0.040337,0.069792,-0.028257,0.154061,0.013651,0.077598,-0.131863,-0.061961,-0.094093,-0.072245,0.102067,0.055469,0.006859,-0.067790,-0.009228,0.142722,-0.009684,0.087042,0.031990,0.106391,0.042084,0.061910,-0.051917,-0.084463,0.106557,-0.025340,-0.047827,0.083132,0.021902,0.083472,0.088964,0.003391,-0.051152,-0.015490,0.063409,0.061553,-0.028004,0.148363,-0.046512,-0.003230,0.054035,0.093501,-0.003417,0.002237,0.094287,0.121975,0.078018,-0.035415,-0.104803,-0.100503,-0.014815,-0.008024,0.121491,-0.017121,-0.040212,-0.053130,-0.055046,0.091559,-0.060609,0.064880,-0.014526,-0.014555,0.076839,0.232804,0.127786,0.081945,0.066044,0.104528,0.020986,0.046248,-0.046421,-0.082707,-0.055086,-0.062977,-0.095764,-0.079658,-0.002222,0.040487,0.001210,-0.088293,0.103963,-0.056143,0.063283,-0.096935,-0.025079,0.059143,0.034492,-0.019569,-0.025586,-0.245849,-0.042079,0.111051,-0.018881,0.021085,0.072933,-0.084883,0.011051,-0.076223,-0.031185,0.002490,0.067353,0.033280,-0.000778,0.152334,0.164910,-0.164119,-0.014974,0.018951,-0.029883,0.110819,0.122779,0.037106,0.179881,-0.135546,0.146810,0.048031,-0.041574,-0.017952,0.078198,0.021234,-0.013109,0.013859,-0.003803,-0.057024,-0.162019,-0.017476,0.032848,0.085667,-0.043796,0.003583,-0.084050,0.068222,-0.004662,-0.087719,-0.077504,-0.020360,-0.066393,-0.016405,-0.085866,-0.064051,-0.043079,0.145106,-0.079731,0.015811,0.154425,-0.094173,-0.016959,0.069794,-0.085933,-0.016967,0.099888,0.039684,0.056167,0.084703,0.035876,0.091301,-0.025206,0.078661,0.086660,0.009219,-0.014480,-0.021096,0.011763,0.082693,0.095537,0.040768,-0.102023,0.039072,0.004369,-0.009269,-0.018643,0.080690,-0.073048,0.041437,-0.007835,-0.047924,-0.025318,-0.055547,0.066904,0.025872,-0.070971,-0.059749,0.070637,0.014673,0.019232,0.006523,0.064398,-0.058912,-0.081074,0.219457,-0.005325,-0.037638,-0.047538,-0.087607,-0.018975,0.239622,-0.024820,0.055495,0.070138,-0.189673,-0.021657,0.025356,-0.239219,-0.030757,-0.165560,0.087483,0.041886,0.168081,0.006263,-0.036866,0.153255,-0.160000,-0.031837,0.140419,0.208000,0.081134,0.100326,0.005575,-0.003167,-0.025709,0.047838,-0.142340,-0.208102,0.135969,0.008432,-0.032370,0.058813,-0.102167,0.066417,-0.087964,-0.019659,-0.048869,-0.015752,-0.246804,-0.084298,0.063393,-0.162437,-0.072400,-0.051559,-0.016494,0.175356,-0.003240,0.022749,0.033771,-0.076644,0.075866,-0.127585,0.052305,0.013483,0.082292,-0.171681,-0.133085,-0.015302,-0.127846,-0.031464,-0.000006,-0.153375,-0.378512,0.144345,0.082902,-0.019663,0.103157,0.060802,0.104877,0.139688,0.092767,0.044059,0.115498,0.060295,-0.048035,-0.062597,0.029184,-0.053897,0.005953,-0.112893,0.095077,-0.119422,-0.105200,-0.029628,0.031863,-0.015700,-0.019753,0.016388,-0.041588,-0.049065,0.090002,0.071552,-0.013169,0.080052,0.074298,-0.023964,0.007933,0.118790,-0.015874,-0.001575,-0.086093,-0.058010,0.082753,0.036288,-0.048333,-0.065799,0.067272,-0.090180,-0.038947,-0.025726,-0.008102,-0.058035,-0.032683,0.066224,-0.126932,-0.153143,0.096996,-0.088887,0.159263,-0.041248,0.095554,0.085416,-0.027830,0.005313,0.034120,0.035398,0.068427,-0.029144,-0.141606,-0.139481,-0.099440,0.026447,-0.014435,0.058059,-0.194619,0.107533,-0.018798,-0.123253,-0.077211,-0.007110,-0.097463,-0.189874,0.129689,0.029730,0.014247,-0.033412,0.045329,-0.156166,-0.048863,0.159027,-0.053355,0.084719,-0.063004,-0.071480,-0.027280,0.075684,-0.045853,0.033003,-0.009064,-0.170753,0.068372,0.055542,-0.058872,0.012950,-0.140339,0.095123,-0.030381,0.155201,-0.073402,-0.033240,0.079261,-0.142445,0.029850,0.026500,-0.068469,-0.052958,-0.003885,0.048934,0.043794,-0.101774,-0.075966,-0.147104,-0.003402,0.022155,0.193672,0.186931,0.117397,0.024118,-0.059318,0.105606,0.124364,-0.031247,0.112958,-0.041492,-0.180728,0.058592,0.079077,-0.123811,0.027863,-0.117135,0.190340,-0.141075,0.017025,-0.162734,0.362857,0.191583,-0.140134,-0.036308,-0.015197,0.082858,-0.025776,0.161732,0.019208,0.033655,-0.669709,0.128382,0.170202,0.035995,0.027368,-0.171349,0.012946,0.252401,-0.055487,-0.086024,0.142548,0.150862,0.373387,-0.287866,0.175655,-0.073184,-0.094534,-0.337441,0.414231,-0.143660,-0.037633,-0.232306,0.094668,0.476497,-0.063702,0.176372,0.044548,0.005858,0.044472,-0.054978,-0.122468,0.039832,0.072887,0.077614,-0.077654,-0.422290,-0.006238,0.078962,0.014540,-0.466249,-0.429882,0.054443,0.127959,-0.081931,-0.018945,-0.103124,0.004036,-0.165884,0.212526,0.013636,0.050723,0.020508,-0.080770,0.016504,0.214027,0.163616,-0.037548,0.136949,0.079231,0.031358,-0.031205,0.081226,0.007009,-0.085612,-0.244508,0.015751,0.081740,-0.003756,0.129499,-0.067442,-0.120554,0.156240,-0.078809,0.059201,0.046076,-0.074274,0.034018,-0.049708,0.047508,-0.055051,0.014006,-0.022346,0.025885,-0.037713,0.015702,0.036233,-0.114660,0.033549,-0.027083,0.027503,0.102731,-0.071127,0.026898,0.077419,0.092043,0.067713,-0.057971,-0.004226,-0.099409,0.055171,-0.232180,0.060199,0.070191,-0.041136,-0.079440,0.172038,-0.100396,-0.099731,-0.085766,0.111073,0.027630,-0.172205,0.146023,-0.046680,0.025406,0.047867,0.151128,-0.065680,0.109306,-0.029692,-0.015321,0.006640,-0.041028,0.118018,0.025245,-0.016855,0.093798,-0.044717,-0.095222,0.023537,-0.075241,-0.172751,-0.105647,-0.121426,0.130023,0.036342,0.025780,0.123575,0.098307,0.093946,0.073856,0.164783,-0.058963,-0.057104,-0.162848,-0.041012,0.083574,0.062330,0.015400,0.081299,0.036536,-0.220171,0.037989,0.036572,0.043315,0.077824,-0.085279,-0.078693,-0.042953,-0.144903,0.025182,-0.092500,-0.009268,-0.011232,-0.006937,-0.138713,0.093083,0.028349,-0.051646,-0.069076,0.014155,-0.067220,-0.078162,-0.275530,-0.042713,-0.014584,0.022254,-0.083322,-0.086348,0.001226,0.043916,0.002719,-0.040556,-0.014538,-0.063858,0.044850,-0.037953,-0.179264,0.251815,-0.053035,-0.027291,0.080622,-0.036625,0.069054,-0.072997,0.044904,0.087632,0.059739,0.036488,-0.104945,0.012953,-0.087357,-0.102202,-0.023343,-0.016320,-0.004695,0.043699,-0.078220,0.033757,0.091381,-0.041114,0.038563,-0.026865,0.023437,-0.077376,-0.047488,0.144252,0.103082,0.021891,-0.157609,0.135056,0.020494,0.024792,0.056431,-0.048745,-0.034154,-0.120468,0.057153,0.008696,-0.004668,0.000736,-0.002317,-0.098960,0.085325,-0.079313,-0.074229,-0.122655,-0.065091,-0.060652,-0.258279,0.113739,0.041854,-0.148412,0.092680,-0.063061,-0.040307,-0.053517,0.008408,0.087939,-0.100918,0.019171,0.074454,0.087689,-0.095644,0.071343,-0.063194,0.346328,-0.045567,-0.187483,-0.018985,0.158651,-0.135602,-0.155810,-0.201257,0.013563,0.087759,-0.046042,-0.019714,0.014408,0.262553,0.009393,0.031152,0.053130,0.268834,-0.119774,0.114839,-0.009658,-0.044761,-0.201402,-0.165801,-0.098333,-0.115629,-0.064244,0.145338,-0.081274,0.060649,0.144453,-0.020761,-0.137265,-0.010838,-0.026898,0.107825,-0.005647,-0.121092,0.013091,0.092797,0.158009,0.186495,-0.056168,0.046000,0.021799,0.115508,0.146594,-0.137004,-0.093343,0.069475,-0.058165,0.041554,-0.030489,0.050825,0.057760,0.027073,-0.051882,0.056089,0.021340,0.197814,-0.296731,0.148761,0.179502,-0.099241,-0.193148,-0.099957,-0.103180,0.134268,0.027130,0.049495,0.026536,0.120898,0.087418,0.094961,0.202888,-0.056699,0.056539,-0.014091,0.041409,0.038764,-0.075871,-0.039937,-0.022225,0.029238,0.175234,0.068840,0.050525,0.029692,-0.045078,0.114175,0.035819,0.072209,0.008908,-0.040117,0.106366,-0.167498,0.054225,-0.091721,0.121373,0.044787,-0.021547,0.176057,0.026713,0.078697,0.151431,-0.091236,0.005377,0.101643,0.043326,0.016023,0.016743,-0.001976,-0.082051,0.049357,-0.082895,-0.070717,-0.004592,0.056601,0.049074,-0.003570,-0.161603,0.024130,-0.033368,-0.046459,-0.140026,-0.007497,-0.114077,0.070966,-0.026117,0.053830,-0.021370,0.098515,-0.136697,0.094409,0.112008,0.100535,-0.024019,-0.012656,-0.031056,0.006526,-0.081098,0.080040,0.056090,-0.059063,0.051393,0.013474,0.071133,-0.043680,-0.124208,-0.138071,-0.005643,0.034293,0.029412,-0.113609,0.042946,-0.130398,-0.088242,-0.096066,0.065915,0.041338,0.059785,0.001442,0.098229,-0.011609,-0.019928,0.031051,0.018133,-0.015345,-0.018667,0.090522,0.128478,0.021387,-0.044262,-0.103152,0.007810,-0.136707,0.025494,-0.082292,-0.063714,0.119828,0.125052,0.102467,0.126186,0.089963,0.056431,-0.057296,-0.028201,0.043211,0.056799,0.055179,-0.085490,0.093194,0.221279,-0.030481,-0.075456,0.086315,0.239485,-0.052863,0.023342,-0.180869,0.002258,0.148371,0.097826,0.043865,-0.013081,0.083127,0.111862,-0.069966,0.141634,0.162656,0.111636,-0.005427,0.047683,0.071994,0.040647,-0.083909,-0.007323,0.025202,-0.032975,-0.076940,-0.104305,-0.118375,-0.060130,-0.194287,0.084803,-0.061493,0.013369,0.168148,-0.024101,-0.204522,0.065574,0.177426,0.163346,0.096649,0.070723,0.010275,0.177917,-0.054455,0.336414,0.075131,0.036531,0.063872,0.008831,-0.035282,0.071720,-0.158711,0.254601,0.039754,0.082694,-0.083631,0.028353,-0.035909,-0.038443,-0.122445,-0.092803,0.175144,-0.153650,0.113493,0.044166,0.167254,0.092528,0.132184,0.023283,-0.155778,0.005133,0.069500,0.059550,-0.039488,0.219586,0.116119,0.033437,0.131643,0.183280,-0.029945,0.088029,-0.100676,0.065617,-0.049177,0.007856,0.057527,-0.106808,-0.089484,0.207299,-0.003847,0.008850,-0.254793,0.038110,-0.232239,0.309375,-0.059890,-0.018417,-0.030005,-0.043609,0.043443,-0.186001,0.083585,0.037431,0.015414,-0.064344,0.072271,0.041131,0.086516,-0.001741,-0.026076,0.026281,0.046071,-0.016060,-0.091015,0.087991,0.108355,-0.135645,-0.025182,-0.018837,0.139371,0.195590,0.149985,-0.182195,0.081502,-0.024308,-0.141674,0.035181,-0.082996,-0.019466,0.015447,-0.065166,0.006079,0.048931,-0.168806,0.081693,0.107993,-0.000821,0.090248,-0.038558,0.113708,0.001688,0.043694,-0.079049,-0.056751,-0.019049,-0.011159,0.031242,-0.004768,-0.092974,-0.153729,0.032870,-0.062890,0.009997,0.304144,0.072655,-0.110071,-0.101843,-0.149113,-0.061690,0.026591,-0.109949,-0.026585,0.066455,0.000298,-0.068538,0.020508,0.007325,0.016393,-0.106020,0.051699,0.198070,0.004009,-0.077559,-0.120475,-0.006177,-0.194290,-0.007226,-0.069803,0.013053,0.071901,-0.017322,0.017757,-0.012353,0.113153,-0.084354,0.112738,0.036429,0.157899,0.039607,-0.097757,-0.041257,-0.002773,0.012354,-0.023105,-0.015018,-0.098135,-0.105693,-0.107768,0.042101,-0.025689,0.075151,-0.016402,0.019447,-0.021121,-0.091693,0.023221,-0.086003,0.131210,0.066718,0.000532,0.192798,-0.141151,-0.054577,-0.076823,-0.109137,-0.149448,0.099951,0.072157,-0.011104,0.125926,-0.033455,-0.127937,-0.114514,0.112728,-0.116090,-0.074111,0.098093,-0.073469,0.135633,-0.122544,0.063449
WEIGHTS2=-0.037923,-0.005486,-0.006679,0.100539,-0.088396,-0.014981,0.042729,-0.088319,0.063056,-0.142023,-0.003816,-0.030910,-0.007109,0.043869,0.000703,0.076829,0.083334,0.145103,-0.086890,-0.016566,-0.025146,-0.072375,0.138889,0.196488,0.116790,0.130165,0.131016,0.019174,0.042292,-0.112529,0.112703,0.094820,-0.016495,0.014864,-0.178578,0.194271,-0.044650,0.110625,-0.091610,-0.033557,0.141142,-0.293662,-0.122132,0.054565,0.041414,-0.006871,-0.003922,-0.155800,0.045557,0.266629,-0.025465,-0.160043,0.061305,-0.130983,0.049398,-0.226454,0.119014,0.038566,-0.115416,-0.068119,-0.047627,-0.476031,-0.003023,0.154874,0.197173,-0.102435,0.029724,0.100815,0.030194,-0.272795,0.189389,0.067486,-0.138365,-0.007686,0.199335,0.124850,0.030361,0.071445,-0.157745,-0.205343,-0.100349,-0.093773,-0.184964,-0.007403,-0.137112,0.215216,0.001370,0.095174,0.021123,0.136098,0.066192,0.209862,-0.061842,0.027468,-0.013878,0.192676,0.009642,0.153913,0.021446,-0.206912,0.035120,-0.188545,0.058035,-0.121492,-0.206411,0.084143,-0.061739,0.174606,0.230680,-0.042806,0.058403,-0.340283,-0.010904,-0.152177,0.101773,-0.045507,0.107219,-0.139164,-0.070255,0.064730,-0.090771,-0.091278,-0.148302,0.058855,-0.193192,-0.012191,0.094954,0.175812,0.015039,0.054665,0.143919,0.036230,-0.051540,-0.126231,0.040456,-0.093112,-0.208151,-0.032974,-0.084480,0.084806,0.107838,0.026424,0.045575,-0.017955,0.134624,-0.151870,0.177193,-0.117163,-0.057351,0.103343,-0.059144,0.067543,0.202032,-0.211301,0.256939,0.078986,-0.172893,-0.058594,0.009140,0.023557,0.230750,-0.116919,0.194090,-0.171636,-0.158910,0.126457,0.152324,0.227217,-0.100617,0.219094,0.001351,-0.143893,0.050472,-0.100170,-0.122521,-0.062936,-0.045467,0.095157,0.226445,-0.071678,-0.047678,0.593044,-0.224739,-0.002697,-0.058997,-0.009444,0.070538,0.039531,-0.121423,0.046161,-0.156814,-0.122827,0.068559,-0.216454,0.056270,-0.076021,-0.087387,-0.132474,0.089280,-0.064588,0.158298,0.017816,0.133513,0.112897,-0.078248,0.084381,0.149440,0.044427,-0.156956,-0.078240,-0.048281,0.144446,0.115058,-0.043854,-0.033642,0.063043,0.135851,-0.056723,0.120247,-0.126110,0.113529,-0.036285,0.015715,-0.088721,-0.007238,0.192951,0.016833,-0.136832,-0.162758,-0.386304,0.082269,-0.246461,-0.187566,-0.081903,0.022163,0.153947,0.065729,0.002439,0.115891,-0.284405,0.107234,-0.030416,-0.060045,-0.126356,0.090668,-0.328087,0.154445,-0.148046,0.060253,0.042857,-0.027474,0.189085,-0.136430,-0.061763,0.081412,0.084629,0.292787,-0.185347,0.038978,0.027472,-0.059526,0.244558,0.016742,0.255654,0.264903,0.181722,0.021119,-0.265836,-0.153841,-0.231684,0.082487,-0.032255,0.152301,0.003255,-0.236759,0.082522,0.068294,0.198049,0.079402,-0.033233,-0.156519,0.148585,0.069668,0.071936,-0.057627,0.082872,0.018363,-0.094817,-0.139287,-0.127364,-0.039204,-0.031899,-0.086308,0.063448,0.168437,-0.012544,0.056939,-0.040562,0.152832,-0.093248,-0.136784,-0.183643,0.081997,0.025215,-0.164335,-0.001478,-0.161225,0.096516,0.143071,-0.129362,0.092307,0.198774,0.050255,0.074532,0.053269,0.159308,0.003218,-0.090613,-0.079449,0.061428,0.132690,0.122829,-0.057495,0.023272,0.087006,0.110089,0.054143,-0.050673,-0.022478,-0.089450,0.148398,-0.194487,-0.121537,0.210227,0.119585,0.090498,0.157938,0.069253,0.230717,-0.068004,-0.192597,0.106682,-0.104804,-0.001327,0.069259,-0.081868,0.134100,-0.065930,0.097133,-0.014648,0.045930,-0.076127,0.032647,-0.068738,-0.003635,0.047183,-0.006781,-0.057207,0.103603,-0.006701,0.074143,-0.149287,-0.164117,0.026134,0.089160,-0.101665,0.068965,-0.108359,-0.156553,0.247558,-0.010115,-0.021952,0.097881,-0.260474,0.126042,-0.035787,-0.106080,0.190189,0.101977,0.075607,0.107741,0.090670,-0.020732,0.074305,0.024115,-0.047921,0.271349,-0.148923,-0.154778,-0.018543,0.143563,0.196478,-0.181464,0.372471,0.149581,0.018645,0.070496,-0.041557,-0.028744,-0.074040,-0.159047,-0.071545,-0.111266,0.151341,0.175677,-0.163155,0.158276,-0.077955,-0.123105,-0.038158,0.113213,0.122757,0.164787,0.372588,-0.094017,-0.041103,0.085210,-0.004355,0.051866,0.001083,-0.111818,0.045742,0.039833,-0.025625,-0.029143,-0.176447,0.021999,-0.033117,0.100559,0.130003,0.054431,0.139345,-0.074088,0.137004,-0.140625,-0.008469,-0.075565,-0.075117,0.106983,0.150143,0.061104,0.151565,0.119213,-0.077535,0.139206,-0.056088,0.145531,0.183166,-0.060542,-0.035577,-0.017972,-0.100087,-0.100845,-0.122159,-0.098529,0.014056,0.054346,0.111038,-0.089277,-0.038384,0.018747,0.027705,0.019201,-0.050855,0.082649,-0.021439,-0.012090,0.186744,0.067059,-0.010821,0.095781,0.029535,-0.129829,-0.030664,-0.195616,0.139986,0.009174,0.066585,0.037705,-0.115357,0.035516,-0.294290,0.070953,0.019293,0.002281,-0.056529,0.117608,-0.151889,-0.006650,0.329689,-0.056795,0.040237,-0.008390,-0.241899,-0.072449,0.126100,-0.100749,-0.070703,0.063282,0.100556,0.142111,0.043835,0.029686,0.149447,-0.062961,0.072339,-0.012159,-0.006615,0.018606,0.163664,0.102690,-0.141022
WEIGHTS3=-0.114510,0.130489,0.050259,-0.112287,0.102169,0.105056,0.033560,0.143179,-0.137475,-0.105778,-0.094158,-0.182507,0.189802,0.168569,0.196119,0.074964,-0.114028,0.088044,0.081779,0.015567,0.119562,0.162878,0.106892,-0.073150,0.084391,0.067009,0.037066,-0.116056,0.132947,0.111614,-0.165977,0.015833,0.175275,-0.076264,0.117552,-0.093390,0.175089,-0.008019,0.003136,0.127229,-0.152826,0.093252,-0.141828,0.142543,-0.087535,-0.188869,-0.187244,0.016445
WEIGHTS4=0.15235914,-0.6859886,0.7114818,-0.89987606,-0.3939572,-0.18713872,0.40866837,-0.6117331,-0.6773277
BIASES0=-0.670754,-0.633547,-0.384060,0.121771,0.743937,-0.657973,0.609561,-0.195974,-0.493719,-0.476692,-0.969316,0.009941,-0.049086,-0.777778,0.642270,0.217702,-0.550637,0.136522,1.065102,-0.867057,-0.680099,-0.348227,-1.041873,0.752261,-0.270123,-0.545674,-0.482437,0.425730,-0.632407,0.397999,-0.773821,-0.527564,0.176023,0.314656,-0.142940,-0.502712,-0.554947,0.375513,-0.178579,-0.485836,-0.656388,-0.620256,0.254809,-0.204177,-0.199652,0.344213,-0.755837,0.527037,-0.267777,0.533795,-0.666445,0.605769,-0.821102,-0.265505,0.801810,0.580070,1.076331,0.549687,-0.905690,0.374597,-0.493717,0.618216,-0.875127,-0.981692
BIASES1=-0.230987,0.064085,0.214498,-0.061880,-0.056081,-0.300841,0.120966,0.090827,-0.163034,-0.037803,-0.136653,0.033032,-0.277629,-0.075048,-0.008865,0.354834,0.065646,-0.067279,0.136961,0.689219,0.083566,-0.320841,0.124777,0.303568,0.183493,-0.172533,0.497049,-0.231113,0.049520,0.445968,-0.039967,0.228397
BIASES2=-0.045946,0.071373,0.329736,0.322013,-0.270380,0.079858,0.220349,0.002457,0.463430,0.091481,-0.593550,0.348802,0.110880,-0.063890,0.304349,0.416465
BIASES3=0.075959,0.135568,0.127904
BIASES4=0.0,0.0,0.0
GAMMAS0=0.997539,1.117326,0.972235,0.974833,0.969028,1.283126,1.194397,0.972767,1.202604,1.020593,1.098972,1.001147,1.053316,1.380247,1.194139,1.008721,1.119132,1.007973,1.105570,1.205801,1.139737,1.021008,1.226632,1.280090,0.964235,1.097442,1.134309,1.153035,1.085029,1.193858,1.174589,0.971567,0.963672,0.987642,1.061727,1.233310,1.055284,1.010852,0.998136,1.087669,1.211339,1.226122,1.008490,0.975377,1.035689,0.921976,1.220410,0.954427,1.082162,1.259657,1.160388,1.060680,1.027277,0.970378,1.186208,1.141978,1.262918,1.000623,1.371968,1.154730,1.023467,1.168533,1.243541,1.337587
GAMMAS1=1.018034,1.011554,1.006085,1.021517,0.933092,1.068777,1.009630,1.017159,1.060399,1.147422,0.991840,1.104201,0.959511,0.959551,0.995892,1.016221,0.974341,1.091276,1.034787,0.977565,1.041281,1.293690,0.900695,1.023458,0.941158,0.989288,1.015730,0.968839,1.005878,1.134418,0.930669,1.053759
GAMMAS2=0.918533,1.025486,0.995087,1.011808,0.947240,0.937234,0.976463,0.953297,0.960588,0.903427,0.941028,0.930373,0.946826,0.933304,0.949749,0.964519
GAMMAS3=0.975806,0.976540,0.974887
BETAS0=0.380348,0.139329,-0.112704,0.166469,0.043915,0.207431,0.109205,0.268722,0.297441,-0.014383,0.088961,0.046976,-0.224019,0.009372,-0.069487,0.017393,-0.025180,0.104678,0.241593,-0.099055,-0.197062,0.197892,0.106860,-0.309211,-0.094303,-0.109974,0.157567,0.219121,0.160724,0.043076,-0.090533,0.186370,0.043672,0.369290,0.018466,0.092737,-0.096384,0.094077,0.024370,-0.076367,0.122391,-0.247570,0.086003,0.502267,0.128328,0.208430,-0.148697,-0.150164,-0.010533,0.010706,-0.077422,0.087245,-0.403263,0.151863,-0.275568,0.422422,0.064359,0.179548,0.036132,0.090783,0.135372,0.071922,0.283408,0.328951
BETAS1=0.220888,-0.429265,0.102333,0.049562,-0.196641,-0.027670,0.232482,0.386978,0.310760,0.339158,-0.202310,-0.141951,-0.085883,-0.587100,-0.076822,-0.432490,-0.275215,0.196969,-0.364310,0.379713,0.357335,-0.036974,0.415742,0.156886,-0.503851,0.570690,-0.270421,0.440446,0.023761,0.478110,-0.088143,0.046387
BETAS2=-0.027715,-0.019133,-0.088795,0.101926,-0.076119,-0.048564,0.013635,-0.107950,0.080813,0.010896,0.088255,-0.019016,-0.026715,0.000292,0.010470,-0.121517
BETAS3=0.000247,0.001995,0.002810
EXPECTATIONS0=-0.886821,-0.963482,-0.797884,0.675070,0.928329,-0.943571,0.972979,-0.923930,-0.713112,-0.952700,-0.963627,-0.609749,-0.346816,-0.916900,0.884950,0.829893,-0.956084,0.817429,0.979164,-0.941027,-0.957673,-0.784850,-0.953356,0.923398,-0.574614,-0.883888,-0.918821,0.948799,-0.860175,0.909607,-0.972998,-0.959903,0.713675,0.827161,-0.348108,-0.962859,-0.920405,0.909378,-0.677693,-0.927413,-0.914428,-0.990228,0.885839,-0.383701,-0.486654,0.819170,-0.971485,0.941625,-0.966894,0.944707,-0.964256,0.920770,-0.993264,0.005322,0.930975,0.945200,0.949158,0.948243,-0.960348,0.949624,-0.926966,0.921038,-0.966261,-0.942265
EXPECTATIONS1=0.042234,-0.094911,0.184432,-0.053182,-0.093929,-0.345120,0.046716,0.209052,-0.014343,0.075046,-0.350451,0.033789,-0.498786,-0.076366,0.059883,0.528002,-0.013920,-0.124283,-0.251358,0.710171,0.246927,-0.175422,-0.130417,0.296176,-0.057313,-0.048142,0.581275,-0.235247,0.213673,0.540513,0.052287,0.054594
EXPECTATIONS2=-0.046390,-0.174084,0.414513,0.129403,-0.543371,0.114997,0.149935,-0.004050,0.713085,0.428517,-0.746548,0.584125,0.440659,-0.049607,0.495597,0.632645
EXPECTATIONS3=0.004063,0.112250,0.041009
VARIANCES0=0.079735,0.055599,0.081395,0.131774,0.038518,0.062400,0.044313,0.040096,0.191288,0.036099,0.027355,0.109192,0.139120,0.104486,0.111822,0.104579,0.042842,0.069285,0.027435,0.075640,0.054548,0.110513,0.049694,0.141073,0.144450,0.043038,0.053882,0.046734,0.096341,0.094545,0.028384,0.019909,0.094779,0.068096,0.223243,0.046838,0.064517,0.046930,0.099932,0.068531,0.058681,0.011992,0.083778,0.153957,0.299486,0.070820,0.038991,0.029359,0.072986,0.087375,0.025028,0.043872,0.010876,0.209958,0.060635,0.073950,0.070824,0.040992,0.040332,0.115854,0.055218,0.078931,0.042196,0.075630
VARIANCES1=0.848626,0.768555,0.841311,0.772751,0.638350,0.819954,0.852065,0.797200,0.805457,0.872861,0.592088,0.883066,0.375836,0.686971,0.602290,0.359348,0.678609,0.502560,0.679813,0.306336,0.658964,0.879204,0.721365,0.666649,0.676147,0.772769,0.577118,0.552044,0.659636,0.616358,0.714001,0.732766
VARIANCES2=0.626499,0.705051,0.561555,0.658037,0.465941,0.811772,0.530398,0.766513,0.408887,0.387424,0.340576,0.446222,0.676393,0.673424,0.402676,0.382256
VARIANCES3=0.366075,0.340052,0.355998
APPLY_BATCH_NORM
... ANN


PBMETAD ...
ARG=ann.node-0,ann.node-1,ann.node-2 SIGMA=0.1,0.1,0.1 HEIGHT=1.2
TEMP=300 PACE=500 BIASFACTOR=20 LABEL=pb
FILE=hills_pc1.out,hills_pc2.out,hills_pc3.out
GRID_MIN=-3.5,-3.5,-3.5 GRID_MAX=3.5,3.5,3.5 GRID_BIN=5000,5000,5000
... PBMETAD

# monitor the cv and the metadynamics bias potential
PRINT STRIDE=1 ARG=ann.node-0,ann.node-1,ann.node-2,pb.bias FILE=colvar.out
